3.523999999999999789e-03
4.847999999999999879e-03
1.320000000000000101e-04
1.268000000000000030e-03
3.435999999999999818e-03
0.000000000000000000e+00
1.108000000000000044e-03
1.276399999999999930e-02
8.399999999999999535e-05
0.000000000000000000e+00
0.000000000000000000e+00
0.000000000000000000e+00
1.244000000000000097e-03
0.000000000000000000e+00
1.851999999999999914e-03
5.571999999999999696e-03
4.524000000000000243e-03
0.000000000000000000e+00
0.000000000000000000e+00
0.000000000000000000e+00
0.000000000000000000e+00
0.000000000000000000e+00
0.000000000000000000e+00
0.000000000000000000e+00
1.131999999999999977e-03
0.000000000000000000e+00
0.000000000000000000e+00
0.000000000000000000e+00
1.365599999999999974e-02
0.000000000000000000e+00
6.588000000000000106e-03
6.815999999999999837e-02
1.279999999999999942e-04
0.000000000000000000e+00
0.000000000000000000e+00
0.000000000000000000e+00
0.000000000000000000e+00
0.000000000000000000e+00
0.000000000000000000e+00
0.000000000000000000e+00
0.000000000000000000e+00
0.000000000000000000e+00
0.000000000000000000e+00
0.000000000000000000e+00
0.000000000000000000e+00
0.000000000000000000e+00
0.000000000000000000e+00
0.000000000000000000e+00
1.087999999999999991e-03
0.000000000000000000e+00
0.000000000000000000e+00
0.000000000000000000e+00
0.000000000000000000e+00
0.000000000000000000e+00
0.000000000000000000e+00
0.000000000000000000e+00
7.960000000000000495e-04
0.000000000000000000e+00
0.000000000000000000e+00
0.000000000000000000e+00
4.844000000000000215e-03
0.000000000000000000e+00
7.352000000000000028e-03
8.423999999999999197e-03
3.700000000000000164e-03
0.000000000000000000e+00
0.000000000000000000e+00
0.000000000000000000e+00
0.000000000000000000e+00
0.000000000000000000e+00
0.000000000000000000e+00
0.000000000000000000e+00
0.000000000000000000e+00
0.000000000000000000e+00
0.000000000000000000e+00
0.000000000000000000e+00
0.000000000000000000e+00
0.000000000000000000e+00
0.000000000000000000e+00
0.000000000000000000e+00
0.000000000000000000e+00
0.000000000000000000e+00
0.000000000000000000e+00
0.000000000000000000e+00
0.000000000000000000e+00
0.000000000000000000e+00
0.000000000000000000e+00
0.000000000000000000e+00
0.000000000000000000e+00
0.000000000000000000e+00
0.000000000000000000e+00
0.000000000000000000e+00
0.000000000000000000e+00
0.000000000000000000e+00
0.000000000000000000e+00
0.000000000000000000e+00
1.327999999999999970e-03
0.000000000000000000e+00
0.000000000000000000e+00
0.000000000000000000e+00
0.000000000000000000e+00
0.000000000000000000e+00
0.000000000000000000e+00
0.000000000000000000e+00
0.000000000000000000e+00
0.000000000000000000e+00
0.000000000000000000e+00
0.000000000000000000e+00
0.000000000000000000e+00
0.000000000000000000e+00
0.000000000000000000e+00
0.000000000000000000e+00
1.257600000000000037e-02
0.000000000000000000e+00
0.000000000000000000e+00
0.000000000000000000e+00
0.000000000000000000e+00
0.000000000000000000e+00
0.000000000000000000e+00
0.000000000000000000e+00
4.132000000000000256e-03
0.000000000000000000e+00
0.000000000000000000e+00
0.000000000000000000e+00
5.911199999999999788e-02
0.000000000000000000e+00
8.156000000000000055e-03
5.320000000000000076e-03
7.200000000000000182e-05
1.244000000000000097e-03
0.000000000000000000e+00
6.960000000000000041e-04
0.000000000000000000e+00
0.000000000000000000e+00
0.000000000000000000e+00
4.095999999999999815e-03
0.000000000000000000e+00
0.000000000000000000e+00
0.000000000000000000e+00
0.000000000000000000e+00
0.000000000000000000e+00
0.000000000000000000e+00
0.000000000000000000e+00
6.424000000000000023e-03
0.000000000000000000e+00
0.000000000000000000e+00
0.000000000000000000e+00
0.000000000000000000e+00
0.000000000000000000e+00
0.000000000000000000e+00
0.000000000000000000e+00
0.000000000000000000e+00
0.000000000000000000e+00
0.000000000000000000e+00
0.000000000000000000e+00
0.000000000000000000e+00
0.000000000000000000e+00
0.000000000000000000e+00
0.000000000000000000e+00
8.436000000000000790e-03
0.000000000000000000e+00
0.000000000000000000e+00
0.000000000000000000e+00
0.000000000000000000e+00
0.000000000000000000e+00
0.000000000000000000e+00
0.000000000000000000e+00
0.000000000000000000e+00
0.000000000000000000e+00
0.000000000000000000e+00
0.000000000000000000e+00
0.000000000000000000e+00
0.000000000000000000e+00
0.000000000000000000e+00
0.000000000000000000e+00
0.000000000000000000e+00
0.000000000000000000e+00
0.000000000000000000e+00
0.000000000000000000e+00
0.000000000000000000e+00
0.000000000000000000e+00
0.000000000000000000e+00
0.000000000000000000e+00
0.000000000000000000e+00
0.000000000000000000e+00
0.000000000000000000e+00
0.000000000000000000e+00
0.000000000000000000e+00
0.000000000000000000e+00
0.000000000000000000e+00
0.000000000000000000e+00
1.735999999999999913e-03
1.244000000000000097e-03
1.387999999999999998e-02
0.000000000000000000e+00
4.976000000000000388e-03
0.000000000000000000e+00
0.000000000000000000e+00
0.000000000000000000e+00
5.847600000000000020e-02
0.000000000000000000e+00
0.000000000000000000e+00
0.000000000000000000e+00
0.000000000000000000e+00
0.000000000000000000e+00
0.000000000000000000e+00
0.000000000000000000e+00
8.200000000000000691e-03
0.000000000000000000e+00
0.000000000000000000e+00
0.000000000000000000e+00
0.000000000000000000e+00
0.000000000000000000e+00
0.000000000000000000e+00
0.000000000000000000e+00
0.000000000000000000e+00
0.000000000000000000e+00
0.000000000000000000e+00
0.000000000000000000e+00
0.000000000000000000e+00
0.000000000000000000e+00
0.000000000000000000e+00
0.000000000000000000e+00
5.331999999999999934e-03
1.755999999999999965e-03
6.764000000000000047e-03
0.000000000000000000e+00
7.455999999999999954e-03
0.000000000000000000e+00
0.000000000000000000e+00
0.000000000000000000e+00
7.919999999999999957e-03
0.000000000000000000e+00
0.000000000000000000e+00
0.000000000000000000e+00
0.000000000000000000e+00
0.000000000000000000e+00
0.000000000000000000e+00
0.000000000000000000e+00
2.443999999999999992e-03
5.995999999999999594e-03
6.304800000000000681e-02
0.000000000000000000e+00
8.163999999999999382e-03
0.000000000000000000e+00
0.000000000000000000e+00
0.000000000000000000e+00
5.155999999999999993e-03
6.536000000000000143e-03
8.304000000000000617e-03
0.000000000000000000e+00
1.827999999999999981e-03
7.919999999999999957e-03
5.263999999999999582e-03
2.367999999999999879e-03
4.497240000000000126e-01
