5.320799999999999835e-02
1.494400000000000069e-02
7.268000000000000155e-03
7.735999999999999821e-03
1.368399999999999998e-02
0.000000000000000000e+00
9.032000000000000098e-03
9.299999999999999239e-03
6.048000000000000424e-03
0.000000000000000000e+00
0.000000000000000000e+00
0.000000000000000000e+00
9.199999999999999845e-03
0.000000000000000000e+00
8.668000000000000357e-03
1.294400000000000064e-02
1.434000000000000032e-02
0.000000000000000000e+00
0.000000000000000000e+00
0.000000000000000000e+00
0.000000000000000000e+00
0.000000000000000000e+00
0.000000000000000000e+00
0.000000000000000000e+00
7.484000000000000201e-03
0.000000000000000000e+00
0.000000000000000000e+00
0.000000000000000000e+00
1.079600000000000004e-02
0.000000000000000000e+00
1.451599999999999939e-02
1.389600000000000037e-02
7.251999999999999766e-03
0.000000000000000000e+00
0.000000000000000000e+00
0.000000000000000000e+00
0.000000000000000000e+00
0.000000000000000000e+00
0.000000000000000000e+00
0.000000000000000000e+00
0.000000000000000000e+00
0.000000000000000000e+00
0.000000000000000000e+00
0.000000000000000000e+00
0.000000000000000000e+00
0.000000000000000000e+00
0.000000000000000000e+00
0.000000000000000000e+00
7.479999999999999670e-03
0.000000000000000000e+00
0.000000000000000000e+00
0.000000000000000000e+00
0.000000000000000000e+00
0.000000000000000000e+00
0.000000000000000000e+00
0.000000000000000000e+00
6.464000000000000128e-03
0.000000000000000000e+00
0.000000000000000000e+00
0.000000000000000000e+00
1.405999999999999958e-02
0.000000000000000000e+00
2.314400000000000138e-02
1.433599999999999978e-02
1.385199999999999973e-02
0.000000000000000000e+00
0.000000000000000000e+00
0.000000000000000000e+00
0.000000000000000000e+00
0.000000000000000000e+00
0.000000000000000000e+00
0.000000000000000000e+00
0.000000000000000000e+00
0.000000000000000000e+00
0.000000000000000000e+00
0.000000000000000000e+00
0.000000000000000000e+00
0.000000000000000000e+00
0.000000000000000000e+00
0.000000000000000000e+00
0.000000000000000000e+00
0.000000000000000000e+00
0.000000000000000000e+00
0.000000000000000000e+00
0.000000000000000000e+00
0.000000000000000000e+00
0.000000000000000000e+00
0.000000000000000000e+00
0.000000000000000000e+00
0.000000000000000000e+00
0.000000000000000000e+00
0.000000000000000000e+00
0.000000000000000000e+00
0.000000000000000000e+00
0.000000000000000000e+00
0.000000000000000000e+00
9.107999999999999777e-03
0.000000000000000000e+00
0.000000000000000000e+00
0.000000000000000000e+00
0.000000000000000000e+00
0.000000000000000000e+00
0.000000000000000000e+00
0.000000000000000000e+00
0.000000000000000000e+00
0.000000000000000000e+00
0.000000000000000000e+00
0.000000000000000000e+00
0.000000000000000000e+00
0.000000000000000000e+00
0.000000000000000000e+00
0.000000000000000000e+00
8.156000000000000055e-03
0.000000000000000000e+00
0.000000000000000000e+00
0.000000000000000000e+00
0.000000000000000000e+00
0.000000000000000000e+00
0.000000000000000000e+00
0.000000000000000000e+00
1.264799999999999952e-02
0.000000000000000000e+00
0.000000000000000000e+00
0.000000000000000000e+00
1.353599999999999942e-02
0.000000000000000000e+00
1.216399999999999947e-02
5.723999999999999921e-03
5.931999999999999773e-03
7.348000000000000365e-03
0.000000000000000000e+00
5.844000000000000236e-03
0.000000000000000000e+00
0.000000000000000000e+00
0.000000000000000000e+00
1.262399999999999980e-02
0.000000000000000000e+00
0.000000000000000000e+00
0.000000000000000000e+00
0.000000000000000000e+00
0.000000000000000000e+00
0.000000000000000000e+00
0.000000000000000000e+00
2.174399999999999944e-02
0.000000000000000000e+00
0.000000000000000000e+00
0.000000000000000000e+00
0.000000000000000000e+00
0.000000000000000000e+00
0.000000000000000000e+00
0.000000000000000000e+00
0.000000000000000000e+00
0.000000000000000000e+00
0.000000000000000000e+00
0.000000000000000000e+00
0.000000000000000000e+00
0.000000000000000000e+00
0.000000000000000000e+00
0.000000000000000000e+00
1.355199999999999981e-02
0.000000000000000000e+00
0.000000000000000000e+00
0.000000000000000000e+00
0.000000000000000000e+00
0.000000000000000000e+00
0.000000000000000000e+00
0.000000000000000000e+00
0.000000000000000000e+00
0.000000000000000000e+00
0.000000000000000000e+00
0.000000000000000000e+00
0.000000000000000000e+00
0.000000000000000000e+00
0.000000000000000000e+00
0.000000000000000000e+00
0.000000000000000000e+00
0.000000000000000000e+00
0.000000000000000000e+00
0.000000000000000000e+00
0.000000000000000000e+00
0.000000000000000000e+00
0.000000000000000000e+00
0.000000000000000000e+00
0.000000000000000000e+00
0.000000000000000000e+00
0.000000000000000000e+00
0.000000000000000000e+00
0.000000000000000000e+00
0.000000000000000000e+00
0.000000000000000000e+00
0.000000000000000000e+00
1.753599999999999950e-02
8.680000000000000215e-03
9.863999999999999505e-03
0.000000000000000000e+00
1.173199999999999937e-02
0.000000000000000000e+00
0.000000000000000000e+00
0.000000000000000000e+00
1.253600000000000027e-02
0.000000000000000000e+00
0.000000000000000000e+00
0.000000000000000000e+00
0.000000000000000000e+00
0.000000000000000000e+00
0.000000000000000000e+00
0.000000000000000000e+00
1.226400000000000060e-02
0.000000000000000000e+00
0.000000000000000000e+00
0.000000000000000000e+00
0.000000000000000000e+00
0.000000000000000000e+00
0.000000000000000000e+00
0.000000000000000000e+00
0.000000000000000000e+00
0.000000000000000000e+00
0.000000000000000000e+00
0.000000000000000000e+00
0.000000000000000000e+00
0.000000000000000000e+00
0.000000000000000000e+00
0.000000000000000000e+00
5.879999999999999810e-03
7.084000000000000019e-03
1.252400000000000041e-02
0.000000000000000000e+00
2.099200000000000024e-02
0.000000000000000000e+00
0.000000000000000000e+00
0.000000000000000000e+00
1.101599999999999975e-02
0.000000000000000000e+00
0.000000000000000000e+00
0.000000000000000000e+00
0.000000000000000000e+00
0.000000000000000000e+00
0.000000000000000000e+00
0.000000000000000000e+00
1.272000000000000040e-02
1.099200000000000003e-02
1.223600000000000035e-02
0.000000000000000000e+00
1.204000000000000035e-02
0.000000000000000000e+00
0.000000000000000000e+00
0.000000000000000000e+00
5.095999999999999835e-03
2.081200000000000064e-02
1.220800000000000010e-02
0.000000000000000000e+00
1.590799999999999853e-02
1.206400000000000007e-02
5.475999999999999965e-03
1.272399999999999920e-02
6.142000000000000237e-02
