4.176799999999999957e-02
1.405999999999999958e-02
5.268000000000000113e-03
8.323999999999999802e-03
1.021599999999999939e-02
0.000000000000000000e+00
7.680000000000000195e-03
1.137999999999999949e-02
4.688000000000000327e-03
0.000000000000000000e+00
0.000000000000000000e+00
0.000000000000000000e+00
7.608000000000000179e-03
0.000000000000000000e+00
7.680000000000000195e-03
2.093199999999999922e-02
1.321199999999999979e-02
0.000000000000000000e+00
0.000000000000000000e+00
0.000000000000000000e+00
0.000000000000000000e+00
0.000000000000000000e+00
0.000000000000000000e+00
0.000000000000000000e+00
7.764000000000000068e-03
0.000000000000000000e+00
0.000000000000000000e+00
0.000000000000000000e+00
1.192799999999999937e-02
0.000000000000000000e+00
1.949599999999999944e-02
1.597600000000000062e-02
5.475999999999999965e-03
0.000000000000000000e+00
0.000000000000000000e+00
0.000000000000000000e+00
0.000000000000000000e+00
0.000000000000000000e+00
0.000000000000000000e+00
0.000000000000000000e+00
0.000000000000000000e+00
0.000000000000000000e+00
0.000000000000000000e+00
0.000000000000000000e+00
0.000000000000000000e+00
0.000000000000000000e+00
0.000000000000000000e+00
0.000000000000000000e+00
8.399999999999999481e-03
0.000000000000000000e+00
0.000000000000000000e+00
0.000000000000000000e+00
0.000000000000000000e+00
0.000000000000000000e+00
0.000000000000000000e+00
0.000000000000000000e+00
6.524000000000000285e-03
0.000000000000000000e+00
0.000000000000000000e+00
0.000000000000000000e+00
1.555600000000000038e-02
0.000000000000000000e+00
2.097200000000000106e-02
1.116800000000000084e-02
1.150799999999999913e-02
0.000000000000000000e+00
0.000000000000000000e+00
0.000000000000000000e+00
0.000000000000000000e+00
0.000000000000000000e+00
0.000000000000000000e+00
0.000000000000000000e+00
0.000000000000000000e+00
0.000000000000000000e+00
0.000000000000000000e+00
0.000000000000000000e+00
0.000000000000000000e+00
0.000000000000000000e+00
0.000000000000000000e+00
0.000000000000000000e+00
0.000000000000000000e+00
0.000000000000000000e+00
0.000000000000000000e+00
0.000000000000000000e+00
0.000000000000000000e+00
0.000000000000000000e+00
0.000000000000000000e+00
0.000000000000000000e+00
0.000000000000000000e+00
0.000000000000000000e+00
0.000000000000000000e+00
0.000000000000000000e+00
0.000000000000000000e+00
0.000000000000000000e+00
0.000000000000000000e+00
0.000000000000000000e+00
9.251999999999999807e-03
0.000000000000000000e+00
0.000000000000000000e+00
0.000000000000000000e+00
0.000000000000000000e+00
0.000000000000000000e+00
0.000000000000000000e+00
0.000000000000000000e+00
0.000000000000000000e+00
0.000000000000000000e+00
0.000000000000000000e+00
0.000000000000000000e+00
0.000000000000000000e+00
0.000000000000000000e+00
0.000000000000000000e+00
0.000000000000000000e+00
1.142400000000000013e-02
0.000000000000000000e+00
0.000000000000000000e+00
0.000000000000000000e+00
0.000000000000000000e+00
0.000000000000000000e+00
0.000000000000000000e+00
0.000000000000000000e+00
1.595200000000000090e-02
0.000000000000000000e+00
0.000000000000000000e+00
0.000000000000000000e+00
1.399599999999999976e-02
0.000000000000000000e+00
1.110399999999999929e-02
6.080000000000000335e-03
5.715999999999999727e-03
9.128000000000000697e-03
0.000000000000000000e+00
6.991999999999999951e-03
0.000000000000000000e+00
0.000000000000000000e+00
0.000000000000000000e+00
1.626800000000000121e-02
0.000000000000000000e+00
0.000000000000000000e+00
0.000000000000000000e+00
0.000000000000000000e+00
0.000000000000000000e+00
0.000000000000000000e+00
0.000000000000000000e+00
2.183200000000000071e-02
0.000000000000000000e+00
0.000000000000000000e+00
0.000000000000000000e+00
0.000000000000000000e+00
0.000000000000000000e+00
0.000000000000000000e+00
0.000000000000000000e+00
0.000000000000000000e+00
0.000000000000000000e+00
0.000000000000000000e+00
0.000000000000000000e+00
0.000000000000000000e+00
0.000000000000000000e+00
0.000000000000000000e+00
0.000000000000000000e+00
1.092399999999999968e-02
0.000000000000000000e+00
0.000000000000000000e+00
0.000000000000000000e+00
0.000000000000000000e+00
0.000000000000000000e+00
0.000000000000000000e+00
0.000000000000000000e+00
0.000000000000000000e+00
0.000000000000000000e+00
0.000000000000000000e+00
0.000000000000000000e+00
0.000000000000000000e+00
0.000000000000000000e+00
0.000000000000000000e+00
0.000000000000000000e+00
0.000000000000000000e+00
0.000000000000000000e+00
0.000000000000000000e+00
0.000000000000000000e+00
0.000000000000000000e+00
0.000000000000000000e+00
0.000000000000000000e+00
0.000000000000000000e+00
0.000000000000000000e+00
0.000000000000000000e+00
0.000000000000000000e+00
0.000000000000000000e+00
0.000000000000000000e+00
0.000000000000000000e+00
0.000000000000000000e+00
0.000000000000000000e+00
1.120400000000000042e-02
8.987999999999999462e-03
1.288800000000000015e-02
0.000000000000000000e+00
1.584800000000000098e-02
0.000000000000000000e+00
0.000000000000000000e+00
0.000000000000000000e+00
1.477999999999999974e-02
0.000000000000000000e+00
0.000000000000000000e+00
0.000000000000000000e+00
0.000000000000000000e+00
0.000000000000000000e+00
0.000000000000000000e+00
0.000000000000000000e+00
1.229200000000000084e-02
0.000000000000000000e+00
0.000000000000000000e+00
0.000000000000000000e+00
0.000000000000000000e+00
0.000000000000000000e+00
0.000000000000000000e+00
0.000000000000000000e+00
0.000000000000000000e+00
0.000000000000000000e+00
0.000000000000000000e+00
0.000000000000000000e+00
0.000000000000000000e+00
0.000000000000000000e+00
0.000000000000000000e+00
0.000000000000000000e+00
6.259999999999999939e-03
8.528000000000000858e-03
2.123200000000000087e-02
0.000000000000000000e+00
2.349199999999999899e-02
0.000000000000000000e+00
0.000000000000000000e+00
0.000000000000000000e+00
1.383599999999999934e-02
0.000000000000000000e+00
0.000000000000000000e+00
0.000000000000000000e+00
0.000000000000000000e+00
0.000000000000000000e+00
0.000000000000000000e+00
0.000000000000000000e+00
1.495999999999999934e-02
2.102000000000000049e-02
1.799200000000000105e-02
0.000000000000000000e+00
1.338400000000000006e-02
0.000000000000000000e+00
0.000000000000000000e+00
0.000000000000000000e+00
7.551999999999999685e-03
2.233999999999999875e-02
1.276000000000000051e-02
0.000000000000000000e+00
1.196000000000000014e-02
1.182399999999999944e-02
6.708000000000000421e-03
1.420399999999999961e-02
5.494000000000000272e-02
