6.894000000000000128e-02
1.971600000000000089e-02
7.620000000000000037e-03
7.452000000000000290e-03
1.217200000000000053e-02
0.000000000000000000e+00
7.060000000000000303e-03
6.747999999999999658e-03
7.860000000000000667e-03
0.000000000000000000e+00
0.000000000000000000e+00
0.000000000000000000e+00
7.023999999999999862e-03
0.000000000000000000e+00
6.807999999999999816e-03
8.984000000000000666e-03
1.940000000000000058e-02
0.000000000000000000e+00
0.000000000000000000e+00
0.000000000000000000e+00
0.000000000000000000e+00
0.000000000000000000e+00
0.000000000000000000e+00
0.000000000000000000e+00
7.648000000000000284e-03
0.000000000000000000e+00
0.000000000000000000e+00
0.000000000000000000e+00
6.904000000000000414e-03
0.000000000000000000e+00
9.164000000000000271e-03
8.951999999999999888e-03
7.927999999999999284e-03
0.000000000000000000e+00
0.000000000000000000e+00
0.000000000000000000e+00
0.000000000000000000e+00
0.000000000000000000e+00
0.000000000000000000e+00
0.000000000000000000e+00
0.000000000000000000e+00
0.000000000000000000e+00
0.000000000000000000e+00
0.000000000000000000e+00
0.000000000000000000e+00
0.000000000000000000e+00
0.000000000000000000e+00
0.000000000000000000e+00
7.207999999999999997e-03
0.000000000000000000e+00
0.000000000000000000e+00
0.000000000000000000e+00
0.000000000000000000e+00
0.000000000000000000e+00
0.000000000000000000e+00
0.000000000000000000e+00
5.228000000000000008e-03
0.000000000000000000e+00
0.000000000000000000e+00
0.000000000000000000e+00
6.387999999999999581e-03
0.000000000000000000e+00
1.379599999999999924e-02
1.082800000000000082e-02
1.194399999999999976e-02
0.000000000000000000e+00
0.000000000000000000e+00
0.000000000000000000e+00
0.000000000000000000e+00
0.000000000000000000e+00
0.000000000000000000e+00
0.000000000000000000e+00
0.000000000000000000e+00
0.000000000000000000e+00
0.000000000000000000e+00
0.000000000000000000e+00
0.000000000000000000e+00
0.000000000000000000e+00
0.000000000000000000e+00
0.000000000000000000e+00
0.000000000000000000e+00
0.000000000000000000e+00
0.000000000000000000e+00
0.000000000000000000e+00
0.000000000000000000e+00
0.000000000000000000e+00
0.000000000000000000e+00
0.000000000000000000e+00
0.000000000000000000e+00
0.000000000000000000e+00
0.000000000000000000e+00
0.000000000000000000e+00
0.000000000000000000e+00
0.000000000000000000e+00
0.000000000000000000e+00
0.000000000000000000e+00
7.055999999999999772e-03
0.000000000000000000e+00
0.000000000000000000e+00
0.000000000000000000e+00
0.000000000000000000e+00
0.000000000000000000e+00
0.000000000000000000e+00
0.000000000000000000e+00
0.000000000000000000e+00
0.000000000000000000e+00
0.000000000000000000e+00
0.000000000000000000e+00
0.000000000000000000e+00
0.000000000000000000e+00
0.000000000000000000e+00
0.000000000000000000e+00
6.703999999999999890e-03
0.000000000000000000e+00
0.000000000000000000e+00
0.000000000000000000e+00
0.000000000000000000e+00
0.000000000000000000e+00
0.000000000000000000e+00
0.000000000000000000e+00
6.447999999999999739e-03
0.000000000000000000e+00
0.000000000000000000e+00
0.000000000000000000e+00
6.360000000000000202e-03
0.000000000000000000e+00
1.178799999999999987e-02
6.544000000000000337e-03
8.132000000000000339e-03
7.323999999999999781e-03
0.000000000000000000e+00
5.023999999999999820e-03
0.000000000000000000e+00
0.000000000000000000e+00
0.000000000000000000e+00
6.440000000000000412e-03
0.000000000000000000e+00
0.000000000000000000e+00
0.000000000000000000e+00
0.000000000000000000e+00
0.000000000000000000e+00
0.000000000000000000e+00
0.000000000000000000e+00
1.399599999999999976e-02
0.000000000000000000e+00
0.000000000000000000e+00
0.000000000000000000e+00
0.000000000000000000e+00
0.000000000000000000e+00
0.000000000000000000e+00
0.000000000000000000e+00
0.000000000000000000e+00
0.000000000000000000e+00
0.000000000000000000e+00
0.000000000000000000e+00
0.000000000000000000e+00
0.000000000000000000e+00
0.000000000000000000e+00
0.000000000000000000e+00
1.015600000000000010e-02
0.000000000000000000e+00
0.000000000000000000e+00
0.000000000000000000e+00
0.000000000000000000e+00
0.000000000000000000e+00
0.000000000000000000e+00
0.000000000000000000e+00
0.000000000000000000e+00
0.000000000000000000e+00
0.000000000000000000e+00
0.000000000000000000e+00
0.000000000000000000e+00
0.000000000000000000e+00
0.000000000000000000e+00
0.000000000000000000e+00
0.000000000000000000e+00
0.000000000000000000e+00
0.000000000000000000e+00
0.000000000000000000e+00
0.000000000000000000e+00
0.000000000000000000e+00
0.000000000000000000e+00
0.000000000000000000e+00
0.000000000000000000e+00
0.000000000000000000e+00
0.000000000000000000e+00
0.000000000000000000e+00
0.000000000000000000e+00
0.000000000000000000e+00
0.000000000000000000e+00
0.000000000000000000e+00
1.430799999999999954e-02
7.216000000000000192e-03
6.968000000000000235e-03
0.000000000000000000e+00
6.271999999999999797e-03
0.000000000000000000e+00
0.000000000000000000e+00
0.000000000000000000e+00
5.844000000000000236e-03
0.000000000000000000e+00
0.000000000000000000e+00
0.000000000000000000e+00
0.000000000000000000e+00
0.000000000000000000e+00
0.000000000000000000e+00
0.000000000000000000e+00
1.160399999999999973e-02
0.000000000000000000e+00
0.000000000000000000e+00
0.000000000000000000e+00
0.000000000000000000e+00
0.000000000000000000e+00
0.000000000000000000e+00
0.000000000000000000e+00
0.000000000000000000e+00
0.000000000000000000e+00
0.000000000000000000e+00
0.000000000000000000e+00
0.000000000000000000e+00
0.000000000000000000e+00
0.000000000000000000e+00
0.000000000000000000e+00
6.296000000000000381e-03
7.032000000000000056e-03
9.308000000000000301e-03
0.000000000000000000e+00
1.384799999999999920e-02
0.000000000000000000e+00
0.000000000000000000e+00
0.000000000000000000e+00
1.159199999999999987e-02
0.000000000000000000e+00
0.000000000000000000e+00
0.000000000000000000e+00
0.000000000000000000e+00
0.000000000000000000e+00
0.000000000000000000e+00
0.000000000000000000e+00
2.140399999999999942e-02
9.147999999999999882e-03
9.043999999999999956e-03
0.000000000000000000e+00
1.078800000000000071e-02
0.000000000000000000e+00
0.000000000000000000e+00
0.000000000000000000e+00
6.184000000000000261e-03
1.434000000000000032e-02
1.062399999999999976e-02
0.000000000000000000e+00
1.435999999999999950e-02
1.136799999999999963e-02
6.207999999999999977e-03
2.084000000000000088e-02
8.215600000000000680e-02
