3.484399999999999997e-02
1.568800000000000056e-02
4.139999999999999583e-03
9.027999999999999567e-03
9.112000000000000308e-03
0.000000000000000000e+00
8.708000000000000462e-03
1.469200000000000020e-02
3.344000000000000184e-03
0.000000000000000000e+00
0.000000000000000000e+00
0.000000000000000000e+00
8.552000000000000574e-03
0.000000000000000000e+00
1.070800000000000050e-02
2.592399999999999913e-02
1.488800000000000019e-02
0.000000000000000000e+00
0.000000000000000000e+00
0.000000000000000000e+00
0.000000000000000000e+00
0.000000000000000000e+00
0.000000000000000000e+00
0.000000000000000000e+00
8.807999999999999857e-03
0.000000000000000000e+00
0.000000000000000000e+00
0.000000000000000000e+00
1.737199999999999855e-02
0.000000000000000000e+00
2.798799999999999899e-02
2.237199999999999953e-02
4.244000000000000376e-03
0.000000000000000000e+00
0.000000000000000000e+00
0.000000000000000000e+00
0.000000000000000000e+00
0.000000000000000000e+00
0.000000000000000000e+00
0.000000000000000000e+00
0.000000000000000000e+00
0.000000000000000000e+00
0.000000000000000000e+00
0.000000000000000000e+00
0.000000000000000000e+00
0.000000000000000000e+00
0.000000000000000000e+00
0.000000000000000000e+00
8.940000000000000030e-03
0.000000000000000000e+00
0.000000000000000000e+00
0.000000000000000000e+00
0.000000000000000000e+00
0.000000000000000000e+00
0.000000000000000000e+00
0.000000000000000000e+00
7.315999999999999587e-03
0.000000000000000000e+00
0.000000000000000000e+00
0.000000000000000000e+00
1.941999999999999976e-02
0.000000000000000000e+00
3.053200000000000011e-02
1.265999999999999938e-02
9.235999999999999419e-03
0.000000000000000000e+00
0.000000000000000000e+00
0.000000000000000000e+00
0.000000000000000000e+00
0.000000000000000000e+00
0.000000000000000000e+00
0.000000000000000000e+00
0.000000000000000000e+00
0.000000000000000000e+00
0.000000000000000000e+00
0.000000000000000000e+00
0.000000000000000000e+00
0.000000000000000000e+00
0.000000000000000000e+00
0.000000000000000000e+00
0.000000000000000000e+00
0.000000000000000000e+00
0.000000000000000000e+00
0.000000000000000000e+00
0.000000000000000000e+00
0.000000000000000000e+00
0.000000000000000000e+00
0.000000000000000000e+00
0.000000000000000000e+00
0.000000000000000000e+00
0.000000000000000000e+00
0.000000000000000000e+00
0.000000000000000000e+00
0.000000000000000000e+00
0.000000000000000000e+00
0.000000000000000000e+00
8.588000000000000148e-03
0.000000000000000000e+00
0.000000000000000000e+00
0.000000000000000000e+00
0.000000000000000000e+00
0.000000000000000000e+00
0.000000000000000000e+00
0.000000000000000000e+00
0.000000000000000000e+00
0.000000000000000000e+00
0.000000000000000000e+00
0.000000000000000000e+00
0.000000000000000000e+00
0.000000000000000000e+00
0.000000000000000000e+00
0.000000000000000000e+00
1.366400000000000080e-02
0.000000000000000000e+00
0.000000000000000000e+00
0.000000000000000000e+00
0.000000000000000000e+00
0.000000000000000000e+00
0.000000000000000000e+00
0.000000000000000000e+00
1.802799999999999889e-02
0.000000000000000000e+00
0.000000000000000000e+00
0.000000000000000000e+00
1.738800000000000068e-02
0.000000000000000000e+00
1.369199999999999931e-02
3.603999999999999999e-03
3.320000000000000034e-03
8.564000000000000432e-03
0.000000000000000000e+00
6.643999999999999732e-03
0.000000000000000000e+00
0.000000000000000000e+00
0.000000000000000000e+00
1.740399999999999933e-02
0.000000000000000000e+00
0.000000000000000000e+00
0.000000000000000000e+00
0.000000000000000000e+00
0.000000000000000000e+00
0.000000000000000000e+00
0.000000000000000000e+00
2.936000000000000068e-02
0.000000000000000000e+00
0.000000000000000000e+00
0.000000000000000000e+00
0.000000000000000000e+00
0.000000000000000000e+00
0.000000000000000000e+00
0.000000000000000000e+00
0.000000000000000000e+00
0.000000000000000000e+00
0.000000000000000000e+00
0.000000000000000000e+00
0.000000000000000000e+00
0.000000000000000000e+00
0.000000000000000000e+00
0.000000000000000000e+00
1.255599999999999945e-02
0.000000000000000000e+00
0.000000000000000000e+00
0.000000000000000000e+00
0.000000000000000000e+00
0.000000000000000000e+00
0.000000000000000000e+00
0.000000000000000000e+00
0.000000000000000000e+00
0.000000000000000000e+00
0.000000000000000000e+00
0.000000000000000000e+00
0.000000000000000000e+00
0.000000000000000000e+00
0.000000000000000000e+00
0.000000000000000000e+00
0.000000000000000000e+00
0.000000000000000000e+00
0.000000000000000000e+00
0.000000000000000000e+00
0.000000000000000000e+00
0.000000000000000000e+00
0.000000000000000000e+00
0.000000000000000000e+00
0.000000000000000000e+00
0.000000000000000000e+00
0.000000000000000000e+00
0.000000000000000000e+00
0.000000000000000000e+00
0.000000000000000000e+00
0.000000000000000000e+00
0.000000000000000000e+00
1.008399999999999921e-02
8.439999999999999586e-03
1.521199999999999983e-02
0.000000000000000000e+00
1.755999999999999922e-02
0.000000000000000000e+00
0.000000000000000000e+00
0.000000000000000000e+00
1.658000000000000099e-02
0.000000000000000000e+00
0.000000000000000000e+00
0.000000000000000000e+00
0.000000000000000000e+00
0.000000000000000000e+00
0.000000000000000000e+00
0.000000000000000000e+00
1.355600000000000034e-02
0.000000000000000000e+00
0.000000000000000000e+00
0.000000000000000000e+00
0.000000000000000000e+00
0.000000000000000000e+00
0.000000000000000000e+00
0.000000000000000000e+00
0.000000000000000000e+00
0.000000000000000000e+00
0.000000000000000000e+00
0.000000000000000000e+00
0.000000000000000000e+00
0.000000000000000000e+00
0.000000000000000000e+00
0.000000000000000000e+00
4.000000000000000083e-03
9.124000000000000166e-03
2.536000000000000060e-02
0.000000000000000000e+00
2.849199999999999997e-02
0.000000000000000000e+00
0.000000000000000000e+00
0.000000000000000000e+00
1.255200000000000066e-02
0.000000000000000000e+00
0.000000000000000000e+00
0.000000000000000000e+00
0.000000000000000000e+00
0.000000000000000000e+00
0.000000000000000000e+00
0.000000000000000000e+00
1.276799999999999984e-02
2.252799999999999941e-02
2.006399999999999850e-02
0.000000000000000000e+00
1.110799999999999982e-02
0.000000000000000000e+00
0.000000000000000000e+00
0.000000000000000000e+00
3.419999999999999863e-03
2.838800000000000004e-02
1.146400000000000023e-02
0.000000000000000000e+00
9.339999999999999344e-03
1.311999999999999972e-02
3.720000000000000216e-03
1.308400000000000014e-02
4.202000000000000179e-02
