4.563600000000000295e-02
1.748800000000000007e-02
5.939999999999999968e-03
8.396000000000000685e-03
1.044800000000000069e-02
0.000000000000000000e+00
8.760000000000000425e-03
1.132400000000000073e-02
5.015999999999999626e-03
0.000000000000000000e+00
0.000000000000000000e+00
0.000000000000000000e+00
8.332000000000000864e-03
0.000000000000000000e+00
9.860000000000000708e-03
1.886799999999999936e-02
1.652400000000000049e-02
0.000000000000000000e+00
0.000000000000000000e+00
0.000000000000000000e+00
0.000000000000000000e+00
0.000000000000000000e+00
0.000000000000000000e+00
0.000000000000000000e+00
8.448000000000000648e-03
0.000000000000000000e+00
0.000000000000000000e+00
0.000000000000000000e+00
1.377199999999999952e-02
0.000000000000000000e+00
2.099600000000000077e-02
1.773599999999999829e-02
6.263999999999999603e-03
0.000000000000000000e+00
0.000000000000000000e+00
0.000000000000000000e+00
0.000000000000000000e+00
0.000000000000000000e+00
0.000000000000000000e+00
0.000000000000000000e+00
0.000000000000000000e+00
0.000000000000000000e+00
0.000000000000000000e+00
0.000000000000000000e+00
0.000000000000000000e+00
0.000000000000000000e+00
0.000000000000000000e+00
0.000000000000000000e+00
8.267999999999999308e-03
0.000000000000000000e+00
0.000000000000000000e+00
0.000000000000000000e+00
0.000000000000000000e+00
0.000000000000000000e+00
0.000000000000000000e+00
0.000000000000000000e+00
6.764000000000000047e-03
0.000000000000000000e+00
0.000000000000000000e+00
0.000000000000000000e+00
1.451599999999999939e-02
0.000000000000000000e+00
2.628000000000000128e-02
1.313600000000000011e-02
1.031199999999999999e-02
0.000000000000000000e+00
0.000000000000000000e+00
0.000000000000000000e+00
0.000000000000000000e+00
0.000000000000000000e+00
0.000000000000000000e+00
0.000000000000000000e+00
0.000000000000000000e+00
0.000000000000000000e+00
0.000000000000000000e+00
0.000000000000000000e+00
0.000000000000000000e+00
0.000000000000000000e+00
0.000000000000000000e+00
0.000000000000000000e+00
0.000000000000000000e+00
0.000000000000000000e+00
0.000000000000000000e+00
0.000000000000000000e+00
0.000000000000000000e+00
0.000000000000000000e+00
0.000000000000000000e+00
0.000000000000000000e+00
0.000000000000000000e+00
0.000000000000000000e+00
0.000000000000000000e+00
0.000000000000000000e+00
0.000000000000000000e+00
0.000000000000000000e+00
0.000000000000000000e+00
0.000000000000000000e+00
8.788000000000000672e-03
0.000000000000000000e+00
0.000000000000000000e+00
0.000000000000000000e+00
0.000000000000000000e+00
0.000000000000000000e+00
0.000000000000000000e+00
0.000000000000000000e+00
0.000000000000000000e+00
0.000000000000000000e+00
0.000000000000000000e+00
0.000000000000000000e+00
0.000000000000000000e+00
0.000000000000000000e+00
0.000000000000000000e+00
0.000000000000000000e+00
1.024800000000000016e-02
0.000000000000000000e+00
0.000000000000000000e+00
0.000000000000000000e+00
0.000000000000000000e+00
0.000000000000000000e+00
0.000000000000000000e+00
0.000000000000000000e+00
1.382000000000000069e-02
0.000000000000000000e+00
0.000000000000000000e+00
0.000000000000000000e+00
1.429599999999999968e-02
0.000000000000000000e+00
1.377600000000000005e-02
4.911999999999999700e-03
4.867999999999999931e-03
8.188000000000000833e-03
0.000000000000000000e+00
5.812000000000000326e-03
0.000000000000000000e+00
0.000000000000000000e+00
0.000000000000000000e+00
1.297599999999999969e-02
0.000000000000000000e+00
0.000000000000000000e+00
0.000000000000000000e+00
0.000000000000000000e+00
0.000000000000000000e+00
0.000000000000000000e+00
0.000000000000000000e+00
2.514399999999999968e-02
0.000000000000000000e+00
0.000000000000000000e+00
0.000000000000000000e+00
0.000000000000000000e+00
0.000000000000000000e+00
0.000000000000000000e+00
0.000000000000000000e+00
0.000000000000000000e+00
0.000000000000000000e+00
0.000000000000000000e+00
0.000000000000000000e+00
0.000000000000000000e+00
0.000000000000000000e+00
0.000000000000000000e+00
0.000000000000000000e+00
1.342400000000000017e-02
0.000000000000000000e+00
0.000000000000000000e+00
0.000000000000000000e+00
0.000000000000000000e+00
0.000000000000000000e+00
0.000000000000000000e+00
0.000000000000000000e+00
0.000000000000000000e+00
0.000000000000000000e+00
0.000000000000000000e+00
0.000000000000000000e+00
0.000000000000000000e+00
0.000000000000000000e+00
0.000000000000000000e+00
0.000000000000000000e+00
0.000000000000000000e+00
0.000000000000000000e+00
0.000000000000000000e+00
0.000000000000000000e+00
0.000000000000000000e+00
0.000000000000000000e+00
0.000000000000000000e+00
0.000000000000000000e+00
0.000000000000000000e+00
0.000000000000000000e+00
0.000000000000000000e+00
0.000000000000000000e+00
0.000000000000000000e+00
0.000000000000000000e+00
0.000000000000000000e+00
0.000000000000000000e+00
1.220399999999999957e-02
8.588000000000000148e-03
1.154400000000000044e-02
0.000000000000000000e+00
1.287199999999999976e-02
0.000000000000000000e+00
0.000000000000000000e+00
0.000000000000000000e+00
1.340000000000000045e-02
0.000000000000000000e+00
0.000000000000000000e+00
0.000000000000000000e+00
0.000000000000000000e+00
0.000000000000000000e+00
0.000000000000000000e+00
0.000000000000000000e+00
1.333200000000000010e-02
0.000000000000000000e+00
0.000000000000000000e+00
0.000000000000000000e+00
0.000000000000000000e+00
0.000000000000000000e+00
0.000000000000000000e+00
0.000000000000000000e+00
0.000000000000000000e+00
0.000000000000000000e+00
0.000000000000000000e+00
0.000000000000000000e+00
0.000000000000000000e+00
0.000000000000000000e+00
0.000000000000000000e+00
0.000000000000000000e+00
5.196000000000000098e-03
8.448000000000000648e-03
1.830400000000000083e-02
0.000000000000000000e+00
2.449199999999999988e-02
0.000000000000000000e+00
0.000000000000000000e+00
0.000000000000000000e+00
1.242000000000000048e-02
0.000000000000000000e+00
0.000000000000000000e+00
0.000000000000000000e+00
0.000000000000000000e+00
0.000000000000000000e+00
0.000000000000000000e+00
0.000000000000000000e+00
1.504800000000000061e-02
1.642800000000000163e-02
1.640000000000000138e-02
0.000000000000000000e+00
1.136400000000000084e-02
0.000000000000000000e+00
0.000000000000000000e+00
0.000000000000000000e+00
4.328000000000000250e-03
2.373600000000000015e-02
1.170799999999999966e-02
0.000000000000000000e+00
1.119599999999999936e-02
1.320799999999999925e-02
4.703999999999999848e-03
1.490799999999999938e-02
5.330000000000000016e-02
