6.829599999999999560e-02
2.381199999999999983e-02
7.355999999999999692e-03
7.527999999999999969e-03
9.400000000000000369e-03
0.000000000000000000e+00
6.692000000000000032e-03
7.055999999999999772e-03
7.536000000000000164e-03
0.000000000000000000e+00
0.000000000000000000e+00
0.000000000000000000e+00
6.960000000000000041e-03
0.000000000000000000e+00
7.767999999999999731e-03
1.090400000000000050e-02
2.407199999999999965e-02
0.000000000000000000e+00
0.000000000000000000e+00
0.000000000000000000e+00
0.000000000000000000e+00
0.000000000000000000e+00
0.000000000000000000e+00
0.000000000000000000e+00
7.648000000000000284e-03
0.000000000000000000e+00
0.000000000000000000e+00
0.000000000000000000e+00
7.112000000000000266e-03
0.000000000000000000e+00
1.101599999999999975e-02
1.063200000000000083e-02
7.172000000000000423e-03
0.000000000000000000e+00
0.000000000000000000e+00
0.000000000000000000e+00
0.000000000000000000e+00
0.000000000000000000e+00
0.000000000000000000e+00
0.000000000000000000e+00
0.000000000000000000e+00
0.000000000000000000e+00
0.000000000000000000e+00
0.000000000000000000e+00
0.000000000000000000e+00
0.000000000000000000e+00
0.000000000000000000e+00
0.000000000000000000e+00
7.544000000000000358e-03
0.000000000000000000e+00
0.000000000000000000e+00
0.000000000000000000e+00
0.000000000000000000e+00
0.000000000000000000e+00
0.000000000000000000e+00
0.000000000000000000e+00
4.576000000000000206e-03
0.000000000000000000e+00
0.000000000000000000e+00
0.000000000000000000e+00
5.856000000000000094e-03
0.000000000000000000e+00
1.485599999999999941e-02
1.058000000000000086e-02
9.783999999999999295e-03
0.000000000000000000e+00
0.000000000000000000e+00
0.000000000000000000e+00
0.000000000000000000e+00
0.000000000000000000e+00
0.000000000000000000e+00
0.000000000000000000e+00
0.000000000000000000e+00
0.000000000000000000e+00
0.000000000000000000e+00
0.000000000000000000e+00
0.000000000000000000e+00
0.000000000000000000e+00
0.000000000000000000e+00
0.000000000000000000e+00
0.000000000000000000e+00
0.000000000000000000e+00
0.000000000000000000e+00
0.000000000000000000e+00
0.000000000000000000e+00
0.000000000000000000e+00
0.000000000000000000e+00
0.000000000000000000e+00
0.000000000000000000e+00
0.000000000000000000e+00
0.000000000000000000e+00
0.000000000000000000e+00
0.000000000000000000e+00
0.000000000000000000e+00
0.000000000000000000e+00
0.000000000000000000e+00
6.804000000000000152e-03
0.000000000000000000e+00
0.000000000000000000e+00
0.000000000000000000e+00
0.000000000000000000e+00
0.000000000000000000e+00
0.000000000000000000e+00
0.000000000000000000e+00
0.000000000000000000e+00
0.000000000000000000e+00
0.000000000000000000e+00
0.000000000000000000e+00
0.000000000000000000e+00
0.000000000000000000e+00
0.000000000000000000e+00
0.000000000000000000e+00
6.816000000000000010e-03
0.000000000000000000e+00
0.000000000000000000e+00
0.000000000000000000e+00
0.000000000000000000e+00
0.000000000000000000e+00
0.000000000000000000e+00
0.000000000000000000e+00
5.628000000000000190e-03
0.000000000000000000e+00
0.000000000000000000e+00
0.000000000000000000e+00
6.015999999999999646e-03
0.000000000000000000e+00
1.192000000000000004e-02
6.279999999999999992e-03
7.643999999999999753e-03
7.544000000000000358e-03
0.000000000000000000e+00
4.663999999999999743e-03
0.000000000000000000e+00
0.000000000000000000e+00
0.000000000000000000e+00
5.444000000000000054e-03
0.000000000000000000e+00
0.000000000000000000e+00
0.000000000000000000e+00
0.000000000000000000e+00
0.000000000000000000e+00
0.000000000000000000e+00
0.000000000000000000e+00
1.460000000000000013e-02
0.000000000000000000e+00
0.000000000000000000e+00
0.000000000000000000e+00
0.000000000000000000e+00
0.000000000000000000e+00
0.000000000000000000e+00
0.000000000000000000e+00
0.000000000000000000e+00
0.000000000000000000e+00
0.000000000000000000e+00
0.000000000000000000e+00
0.000000000000000000e+00
0.000000000000000000e+00
0.000000000000000000e+00
0.000000000000000000e+00
1.054800000000000008e-02
0.000000000000000000e+00
0.000000000000000000e+00
0.000000000000000000e+00
0.000000000000000000e+00
0.000000000000000000e+00
0.000000000000000000e+00
0.000000000000000000e+00
0.000000000000000000e+00
0.000000000000000000e+00
0.000000000000000000e+00
0.000000000000000000e+00
0.000000000000000000e+00
0.000000000000000000e+00
0.000000000000000000e+00
0.000000000000000000e+00
0.000000000000000000e+00
0.000000000000000000e+00
0.000000000000000000e+00
0.000000000000000000e+00
0.000000000000000000e+00
0.000000000000000000e+00
0.000000000000000000e+00
0.000000000000000000e+00
0.000000000000000000e+00
0.000000000000000000e+00
0.000000000000000000e+00
0.000000000000000000e+00
0.000000000000000000e+00
0.000000000000000000e+00
0.000000000000000000e+00
0.000000000000000000e+00
1.183999999999999983e-02
6.599999999999999964e-03
6.747999999999999658e-03
0.000000000000000000e+00
5.340000000000000129e-03
0.000000000000000000e+00
0.000000000000000000e+00
0.000000000000000000e+00
5.931999999999999773e-03
0.000000000000000000e+00
0.000000000000000000e+00
0.000000000000000000e+00
0.000000000000000000e+00
0.000000000000000000e+00
0.000000000000000000e+00
0.000000000000000000e+00
1.211199999999999950e-02
0.000000000000000000e+00
0.000000000000000000e+00
0.000000000000000000e+00
0.000000000000000000e+00
0.000000000000000000e+00
0.000000000000000000e+00
0.000000000000000000e+00
0.000000000000000000e+00
0.000000000000000000e+00
0.000000000000000000e+00
0.000000000000000000e+00
0.000000000000000000e+00
0.000000000000000000e+00
0.000000000000000000e+00
0.000000000000000000e+00
6.043999999999999893e-03
7.484000000000000201e-03
1.085200000000000053e-02
0.000000000000000000e+00
1.430400000000000074e-02
0.000000000000000000e+00
0.000000000000000000e+00
0.000000000000000000e+00
1.196000000000000014e-02
0.000000000000000000e+00
0.000000000000000000e+00
0.000000000000000000e+00
0.000000000000000000e+00
0.000000000000000000e+00
0.000000000000000000e+00
0.000000000000000000e+00
2.566799999999999984e-02
1.114799999999999992e-02
1.030400000000000066e-02
0.000000000000000000e+00
1.033599999999999970e-02
0.000000000000000000e+00
0.000000000000000000e+00
0.000000000000000000e+00
5.896000000000000199e-03
1.420000000000000082e-02
1.011199999999999946e-02
0.000000000000000000e+00
1.123599999999999946e-02
1.170799999999999966e-02
5.943999999999999631e-03
2.599200000000000121e-02
7.893999999999999628e-02
