6.584399999999999975e-02
1.703999999999999959e-02
8.604000000000000536e-03
6.695999999999999695e-03
1.273600000000000079e-02
0.000000000000000000e+00
7.335999999999999639e-03
5.708000000000000400e-03
9.204000000000000375e-03
0.000000000000000000e+00
0.000000000000000000e+00
0.000000000000000000e+00
7.628000000000000232e-03
0.000000000000000000e+00
7.035999999999999720e-03
9.612000000000000752e-03
1.637999999999999873e-02
0.000000000000000000e+00
0.000000000000000000e+00
0.000000000000000000e+00
0.000000000000000000e+00
0.000000000000000000e+00
0.000000000000000000e+00
0.000000000000000000e+00
6.963999999999999704e-03
0.000000000000000000e+00
0.000000000000000000e+00
0.000000000000000000e+00
6.559999999999999859e-03
0.000000000000000000e+00
9.752000000000000252e-03
1.014800000000000077e-02
8.680000000000000215e-03
0.000000000000000000e+00
0.000000000000000000e+00
0.000000000000000000e+00
0.000000000000000000e+00
0.000000000000000000e+00
0.000000000000000000e+00
0.000000000000000000e+00
0.000000000000000000e+00
0.000000000000000000e+00
0.000000000000000000e+00
0.000000000000000000e+00
0.000000000000000000e+00
0.000000000000000000e+00
0.000000000000000000e+00
0.000000000000000000e+00
6.755999999999999853e-03
0.000000000000000000e+00
0.000000000000000000e+00
0.000000000000000000e+00
0.000000000000000000e+00
0.000000000000000000e+00
0.000000000000000000e+00
0.000000000000000000e+00
6.008000000000000319e-03
0.000000000000000000e+00
0.000000000000000000e+00
0.000000000000000000e+00
8.696000000000000604e-03
0.000000000000000000e+00
1.809600000000000097e-02
1.200799999999999958e-02
1.208000000000000046e-02
0.000000000000000000e+00
0.000000000000000000e+00
0.000000000000000000e+00
0.000000000000000000e+00
0.000000000000000000e+00
0.000000000000000000e+00
0.000000000000000000e+00
0.000000000000000000e+00
0.000000000000000000e+00
0.000000000000000000e+00
0.000000000000000000e+00
0.000000000000000000e+00
0.000000000000000000e+00
0.000000000000000000e+00
0.000000000000000000e+00
0.000000000000000000e+00
0.000000000000000000e+00
0.000000000000000000e+00
0.000000000000000000e+00
0.000000000000000000e+00
0.000000000000000000e+00
0.000000000000000000e+00
0.000000000000000000e+00
0.000000000000000000e+00
0.000000000000000000e+00
0.000000000000000000e+00
0.000000000000000000e+00
0.000000000000000000e+00
0.000000000000000000e+00
0.000000000000000000e+00
0.000000000000000000e+00
7.300000000000000065e-03
0.000000000000000000e+00
0.000000000000000000e+00
0.000000000000000000e+00
0.000000000000000000e+00
0.000000000000000000e+00
0.000000000000000000e+00
0.000000000000000000e+00
0.000000000000000000e+00
0.000000000000000000e+00
0.000000000000000000e+00
0.000000000000000000e+00
0.000000000000000000e+00
0.000000000000000000e+00
0.000000000000000000e+00
0.000000000000000000e+00
5.799999999999999600e-03
0.000000000000000000e+00
0.000000000000000000e+00
0.000000000000000000e+00
0.000000000000000000e+00
0.000000000000000000e+00
0.000000000000000000e+00
0.000000000000000000e+00
7.979999999999999247e-03
0.000000000000000000e+00
0.000000000000000000e+00
0.000000000000000000e+00
9.336000000000000548e-03
0.000000000000000000e+00
1.174399999999999923e-02
7.167999999999999892e-03
8.755999999999999894e-03
6.427999999999999686e-03
0.000000000000000000e+00
5.015999999999999626e-03
0.000000000000000000e+00
0.000000000000000000e+00
0.000000000000000000e+00
7.328000000000000312e-03
0.000000000000000000e+00
0.000000000000000000e+00
0.000000000000000000e+00
0.000000000000000000e+00
0.000000000000000000e+00
0.000000000000000000e+00
0.000000000000000000e+00
1.687999999999999917e-02
0.000000000000000000e+00
0.000000000000000000e+00
0.000000000000000000e+00
0.000000000000000000e+00
0.000000000000000000e+00
0.000000000000000000e+00
0.000000000000000000e+00
0.000000000000000000e+00
0.000000000000000000e+00
0.000000000000000000e+00
0.000000000000000000e+00
0.000000000000000000e+00
0.000000000000000000e+00
0.000000000000000000e+00
0.000000000000000000e+00
1.179599999999999919e-02
0.000000000000000000e+00
0.000000000000000000e+00
0.000000000000000000e+00
0.000000000000000000e+00
0.000000000000000000e+00
0.000000000000000000e+00
0.000000000000000000e+00
0.000000000000000000e+00
0.000000000000000000e+00
0.000000000000000000e+00
0.000000000000000000e+00
0.000000000000000000e+00
0.000000000000000000e+00
0.000000000000000000e+00
0.000000000000000000e+00
0.000000000000000000e+00
0.000000000000000000e+00
0.000000000000000000e+00
0.000000000000000000e+00
0.000000000000000000e+00
0.000000000000000000e+00
0.000000000000000000e+00
0.000000000000000000e+00
0.000000000000000000e+00
0.000000000000000000e+00
0.000000000000000000e+00
0.000000000000000000e+00
0.000000000000000000e+00
0.000000000000000000e+00
0.000000000000000000e+00
0.000000000000000000e+00
1.536799999999999972e-02
7.112000000000000266e-03
5.956000000000000356e-03
0.000000000000000000e+00
8.031999999999999210e-03
0.000000000000000000e+00
0.000000000000000000e+00
0.000000000000000000e+00
9.284000000000000585e-03
0.000000000000000000e+00
0.000000000000000000e+00
0.000000000000000000e+00
0.000000000000000000e+00
0.000000000000000000e+00
0.000000000000000000e+00
0.000000000000000000e+00
1.117199999999999964e-02
0.000000000000000000e+00
0.000000000000000000e+00
0.000000000000000000e+00
0.000000000000000000e+00
0.000000000000000000e+00
0.000000000000000000e+00
0.000000000000000000e+00
0.000000000000000000e+00
0.000000000000000000e+00
0.000000000000000000e+00
0.000000000000000000e+00
0.000000000000000000e+00
0.000000000000000000e+00
0.000000000000000000e+00
0.000000000000000000e+00
7.047999999999999578e-03
6.740000000000000331e-03
9.700000000000000289e-03
0.000000000000000000e+00
1.729199999999999834e-02
0.000000000000000000e+00
0.000000000000000000e+00
0.000000000000000000e+00
1.106799999999999971e-02
0.000000000000000000e+00
0.000000000000000000e+00
0.000000000000000000e+00
0.000000000000000000e+00
0.000000000000000000e+00
0.000000000000000000e+00
0.000000000000000000e+00
1.647200000000000053e-02
9.032000000000000098e-03
9.931999999999999856e-03
0.000000000000000000e+00
1.149200000000000048e-02
0.000000000000000000e+00
0.000000000000000000e+00
0.000000000000000000e+00
6.623999999999999680e-03
1.712400000000000033e-02
1.131599999999999967e-02
0.000000000000000000e+00
1.481200000000000051e-02
1.175999999999999962e-02
7.236000000000000244e-03
1.596799999999999956e-02
7.307199999999999807e-02
