5.648799999999999655e-02
2.250800000000000023e-02
6.703999999999999890e-03
8.604000000000000536e-03
8.763999999999999221e-03
0.000000000000000000e+00
7.544000000000000358e-03
9.263999999999999665e-03
6.048000000000000424e-03
0.000000000000000000e+00
0.000000000000000000e+00
0.000000000000000000e+00
7.300000000000000065e-03
0.000000000000000000e+00
9.084000000000000061e-03
1.476799999999999988e-02
2.228000000000000119e-02
0.000000000000000000e+00
0.000000000000000000e+00
0.000000000000000000e+00
0.000000000000000000e+00
0.000000000000000000e+00
0.000000000000000000e+00
0.000000000000000000e+00
8.203999999999999487e-03
0.000000000000000000e+00
0.000000000000000000e+00
0.000000000000000000e+00
9.452000000000000332e-03
0.000000000000000000e+00
1.588799999999999935e-02
1.441599999999999999e-02
6.727999999999999606e-03
0.000000000000000000e+00
0.000000000000000000e+00
0.000000000000000000e+00
0.000000000000000000e+00
0.000000000000000000e+00
0.000000000000000000e+00
0.000000000000000000e+00
0.000000000000000000e+00
0.000000000000000000e+00
0.000000000000000000e+00
0.000000000000000000e+00
0.000000000000000000e+00
0.000000000000000000e+00
0.000000000000000000e+00
0.000000000000000000e+00
8.595999999999999475e-03
0.000000000000000000e+00
0.000000000000000000e+00
0.000000000000000000e+00
0.000000000000000000e+00
0.000000000000000000e+00
0.000000000000000000e+00
0.000000000000000000e+00
5.727999999999999585e-03
0.000000000000000000e+00
0.000000000000000000e+00
0.000000000000000000e+00
8.120000000000000481e-03
0.000000000000000000e+00
1.935999999999999874e-02
1.114799999999999992e-02
9.107999999999999777e-03
0.000000000000000000e+00
0.000000000000000000e+00
0.000000000000000000e+00
0.000000000000000000e+00
0.000000000000000000e+00
0.000000000000000000e+00
0.000000000000000000e+00
0.000000000000000000e+00
0.000000000000000000e+00
0.000000000000000000e+00
0.000000000000000000e+00
0.000000000000000000e+00
0.000000000000000000e+00
0.000000000000000000e+00
0.000000000000000000e+00
0.000000000000000000e+00
0.000000000000000000e+00
0.000000000000000000e+00
0.000000000000000000e+00
0.000000000000000000e+00
0.000000000000000000e+00
0.000000000000000000e+00
0.000000000000000000e+00
0.000000000000000000e+00
0.000000000000000000e+00
0.000000000000000000e+00
0.000000000000000000e+00
0.000000000000000000e+00
0.000000000000000000e+00
0.000000000000000000e+00
0.000000000000000000e+00
7.616000000000000374e-03
0.000000000000000000e+00
0.000000000000000000e+00
0.000000000000000000e+00
0.000000000000000000e+00
0.000000000000000000e+00
0.000000000000000000e+00
0.000000000000000000e+00
0.000000000000000000e+00
0.000000000000000000e+00
0.000000000000000000e+00
0.000000000000000000e+00
0.000000000000000000e+00
0.000000000000000000e+00
0.000000000000000000e+00
0.000000000000000000e+00
9.119999999999999635e-03
0.000000000000000000e+00
0.000000000000000000e+00
0.000000000000000000e+00
0.000000000000000000e+00
0.000000000000000000e+00
0.000000000000000000e+00
0.000000000000000000e+00
7.651999999999999948e-03
0.000000000000000000e+00
0.000000000000000000e+00
0.000000000000000000e+00
8.387999999999999623e-03
0.000000000000000000e+00
1.329999999999999932e-02
5.144000000000000135e-03
5.631999999999999854e-03
8.571999999999999759e-03
0.000000000000000000e+00
5.752000000000000168e-03
0.000000000000000000e+00
0.000000000000000000e+00
0.000000000000000000e+00
7.144000000000000176e-03
0.000000000000000000e+00
0.000000000000000000e+00
0.000000000000000000e+00
0.000000000000000000e+00
0.000000000000000000e+00
0.000000000000000000e+00
0.000000000000000000e+00
1.852799999999999933e-02
0.000000000000000000e+00
0.000000000000000000e+00
0.000000000000000000e+00
0.000000000000000000e+00
0.000000000000000000e+00
0.000000000000000000e+00
0.000000000000000000e+00
0.000000000000000000e+00
0.000000000000000000e+00
0.000000000000000000e+00
0.000000000000000000e+00
0.000000000000000000e+00
0.000000000000000000e+00
0.000000000000000000e+00
0.000000000000000000e+00
1.132400000000000073e-02
0.000000000000000000e+00
0.000000000000000000e+00
0.000000000000000000e+00
0.000000000000000000e+00
0.000000000000000000e+00
0.000000000000000000e+00
0.000000000000000000e+00
0.000000000000000000e+00
0.000000000000000000e+00
0.000000000000000000e+00
0.000000000000000000e+00
0.000000000000000000e+00
0.000000000000000000e+00
0.000000000000000000e+00
0.000000000000000000e+00
0.000000000000000000e+00
0.000000000000000000e+00
0.000000000000000000e+00
0.000000000000000000e+00
0.000000000000000000e+00
0.000000000000000000e+00
0.000000000000000000e+00
0.000000000000000000e+00
0.000000000000000000e+00
0.000000000000000000e+00
0.000000000000000000e+00
0.000000000000000000e+00
0.000000000000000000e+00
0.000000000000000000e+00
0.000000000000000000e+00
0.000000000000000000e+00
9.348000000000000406e-03
7.400000000000000328e-03
1.005999999999999950e-02
0.000000000000000000e+00
7.663999999999999806e-03
0.000000000000000000e+00
0.000000000000000000e+00
0.000000000000000000e+00
8.359999999999999376e-03
0.000000000000000000e+00
0.000000000000000000e+00
0.000000000000000000e+00
0.000000000000000000e+00
0.000000000000000000e+00
0.000000000000000000e+00
0.000000000000000000e+00
1.392400000000000061e-02
0.000000000000000000e+00
0.000000000000000000e+00
0.000000000000000000e+00
0.000000000000000000e+00
0.000000000000000000e+00
0.000000000000000000e+00
0.000000000000000000e+00
0.000000000000000000e+00
0.000000000000000000e+00
0.000000000000000000e+00
0.000000000000000000e+00
0.000000000000000000e+00
0.000000000000000000e+00
0.000000000000000000e+00
0.000000000000000000e+00
5.092000000000000172e-03
9.315999999999999628e-03
1.588399999999999881e-02
0.000000000000000000e+00
1.971600000000000089e-02
0.000000000000000000e+00
0.000000000000000000e+00
0.000000000000000000e+00
1.371600000000000076e-02
0.000000000000000000e+00
0.000000000000000000e+00
0.000000000000000000e+00
0.000000000000000000e+00
0.000000000000000000e+00
0.000000000000000000e+00
0.000000000000000000e+00
2.371200000000000044e-02
1.461199999999999999e-02
1.469600000000000073e-02
0.000000000000000000e+00
1.066399999999999987e-02
0.000000000000000000e+00
0.000000000000000000e+00
0.000000000000000000e+00
4.904000000000000373e-03
1.854400000000000145e-02
1.158000000000000002e-02
0.000000000000000000e+00
1.000799999999999954e-02
1.415600000000000018e-02
5.551999999999999644e-03
2.379200000000000065e-02
6.641199999999999881e-02
