1.302000000000000032e-02
1.216800000000000000e-02
2.719999999999999979e-04
6.144000000000000156e-03
7.352000000000000028e-03
0.000000000000000000e+00
5.611999999999999801e-03
2.159600000000000061e-02
2.159999999999999919e-04
0.000000000000000000e+00
0.000000000000000000e+00
0.000000000000000000e+00
5.444000000000000054e-03
0.000000000000000000e+00
9.424000000000000085e-03
4.841999999999999776e-02
1.191599999999999951e-02
0.000000000000000000e+00
0.000000000000000000e+00
0.000000000000000000e+00
0.000000000000000000e+00
0.000000000000000000e+00
0.000000000000000000e+00
0.000000000000000000e+00
6.075999999999999804e-03
0.000000000000000000e+00
0.000000000000000000e+00
0.000000000000000000e+00
2.458400000000000168e-02
0.000000000000000000e+00
5.258800000000000280e-02
2.523999999999999855e-02
2.120000000000000031e-04
0.000000000000000000e+00
0.000000000000000000e+00
0.000000000000000000e+00
0.000000000000000000e+00
0.000000000000000000e+00
0.000000000000000000e+00
0.000000000000000000e+00
0.000000000000000000e+00
0.000000000000000000e+00
0.000000000000000000e+00
0.000000000000000000e+00
0.000000000000000000e+00
0.000000000000000000e+00
0.000000000000000000e+00
0.000000000000000000e+00
6.516000000000000091e-03
0.000000000000000000e+00
0.000000000000000000e+00
0.000000000000000000e+00
0.000000000000000000e+00
0.000000000000000000e+00
0.000000000000000000e+00
0.000000000000000000e+00
7.668000000000000337e-03
0.000000000000000000e+00
0.000000000000000000e+00
0.000000000000000000e+00
4.039199999999999735e-02
0.000000000000000000e+00
3.692000000000000143e-02
7.623999999999999701e-03
7.487999999999999864e-03
0.000000000000000000e+00
0.000000000000000000e+00
0.000000000000000000e+00
0.000000000000000000e+00
0.000000000000000000e+00
0.000000000000000000e+00
0.000000000000000000e+00
0.000000000000000000e+00
0.000000000000000000e+00
0.000000000000000000e+00
0.000000000000000000e+00
0.000000000000000000e+00
0.000000000000000000e+00
0.000000000000000000e+00
0.000000000000000000e+00
0.000000000000000000e+00
0.000000000000000000e+00
0.000000000000000000e+00
0.000000000000000000e+00
0.000000000000000000e+00
0.000000000000000000e+00
0.000000000000000000e+00
0.000000000000000000e+00
0.000000000000000000e+00
0.000000000000000000e+00
0.000000000000000000e+00
0.000000000000000000e+00
0.000000000000000000e+00
0.000000000000000000e+00
0.000000000000000000e+00
0.000000000000000000e+00
5.303999999999999687e-03
0.000000000000000000e+00
0.000000000000000000e+00
0.000000000000000000e+00
0.000000000000000000e+00
0.000000000000000000e+00
0.000000000000000000e+00
0.000000000000000000e+00
0.000000000000000000e+00
0.000000000000000000e+00
0.000000000000000000e+00
0.000000000000000000e+00
0.000000000000000000e+00
0.000000000000000000e+00
0.000000000000000000e+00
0.000000000000000000e+00
2.223199999999999829e-02
0.000000000000000000e+00
0.000000000000000000e+00
0.000000000000000000e+00
0.000000000000000000e+00
0.000000000000000000e+00
0.000000000000000000e+00
0.000000000000000000e+00
3.607199999999999990e-02
0.000000000000000000e+00
0.000000000000000000e+00
0.000000000000000000e+00
2.053200000000000164e-02
0.000000000000000000e+00
8.947999999999999357e-03
8.999999999999999754e-04
2.680000000000000090e-04
5.904000000000000394e-03
0.000000000000000000e+00
7.228000000000000050e-03
0.000000000000000000e+00
0.000000000000000000e+00
0.000000000000000000e+00
3.357600000000000168e-02
0.000000000000000000e+00
0.000000000000000000e+00
0.000000000000000000e+00
0.000000000000000000e+00
0.000000000000000000e+00
0.000000000000000000e+00
0.000000000000000000e+00
3.453200000000000019e-02
0.000000000000000000e+00
0.000000000000000000e+00
0.000000000000000000e+00
0.000000000000000000e+00
0.000000000000000000e+00
0.000000000000000000e+00
0.000000000000000000e+00
0.000000000000000000e+00
0.000000000000000000e+00
0.000000000000000000e+00
0.000000000000000000e+00
0.000000000000000000e+00
0.000000000000000000e+00
0.000000000000000000e+00
0.000000000000000000e+00
7.335999999999999639e-03
0.000000000000000000e+00
0.000000000000000000e+00
0.000000000000000000e+00
0.000000000000000000e+00
0.000000000000000000e+00
0.000000000000000000e+00
0.000000000000000000e+00
0.000000000000000000e+00
0.000000000000000000e+00
0.000000000000000000e+00
0.000000000000000000e+00
0.000000000000000000e+00
0.000000000000000000e+00
0.000000000000000000e+00
0.000000000000000000e+00
0.000000000000000000e+00
0.000000000000000000e+00
0.000000000000000000e+00
0.000000000000000000e+00
0.000000000000000000e+00
0.000000000000000000e+00
0.000000000000000000e+00
0.000000000000000000e+00
0.000000000000000000e+00
0.000000000000000000e+00
0.000000000000000000e+00
0.000000000000000000e+00
0.000000000000000000e+00
0.000000000000000000e+00
0.000000000000000000e+00
0.000000000000000000e+00
7.375999999999999744e-03
5.544000000000000317e-03
2.410400000000000043e-02
0.000000000000000000e+00
3.871999999999999748e-02
0.000000000000000000e+00
0.000000000000000000e+00
0.000000000000000000e+00
1.964399999999999827e-02
0.000000000000000000e+00
0.000000000000000000e+00
0.000000000000000000e+00
0.000000000000000000e+00
0.000000000000000000e+00
0.000000000000000000e+00
0.000000000000000000e+00
9.043999999999999956e-03
0.000000000000000000e+00
0.000000000000000000e+00
0.000000000000000000e+00
0.000000000000000000e+00
0.000000000000000000e+00
0.000000000000000000e+00
0.000000000000000000e+00
0.000000000000000000e+00
0.000000000000000000e+00
0.000000000000000000e+00
0.000000000000000000e+00
0.000000000000000000e+00
0.000000000000000000e+00
0.000000000000000000e+00
0.000000000000000000e+00
8.440000000000000236e-04
9.400000000000000369e-03
5.255599999999999855e-02
0.000000000000000000e+00
3.735200000000000325e-02
0.000000000000000000e+00
0.000000000000000000e+00
0.000000000000000000e+00
8.711999999999999258e-03
0.000000000000000000e+00
0.000000000000000000e+00
0.000000000000000000e+00
0.000000000000000000e+00
0.000000000000000000e+00
0.000000000000000000e+00
0.000000000000000000e+00
1.010800000000000066e-02
4.624000000000000332e-02
2.409199999999999883e-02
0.000000000000000000e+00
7.524000000000000306e-03
0.000000000000000000e+00
0.000000000000000000e+00
0.000000000000000000e+00
8.120000000000000048e-04
3.520000000000000212e-02
7.823999999999999358e-03
0.000000000000000000e+00
7.000000000000000146e-03
9.655999999999999653e-03
8.639999999999999677e-04
9.620000000000000079e-03
2.020399999999999974e-02
