1.141200000000000027e-02
9.691999999999999227e-03
1.879999999999999890e-04
5.871999999999999616e-03
7.663999999999999806e-03
0.000000000000000000e+00
4.891999999999999647e-03
2.430399999999999922e-02
1.640000000000000019e-04
0.000000000000000000e+00
0.000000000000000000e+00
0.000000000000000000e+00
4.571999999999999675e-03
0.000000000000000000e+00
8.859999999999999820e-03
4.193999999999999811e-02
9.804000000000000214e-03
0.000000000000000000e+00
0.000000000000000000e+00
0.000000000000000000e+00
0.000000000000000000e+00
0.000000000000000000e+00
0.000000000000000000e+00
0.000000000000000000e+00
6.184000000000000261e-03
0.000000000000000000e+00
0.000000000000000000e+00
0.000000000000000000e+00
2.397600000000000078e-02
0.000000000000000000e+00
4.312400000000000261e-02
2.271199999999999955e-02
1.720000000000000066e-04
0.000000000000000000e+00
0.000000000000000000e+00
0.000000000000000000e+00
0.000000000000000000e+00
0.000000000000000000e+00
0.000000000000000000e+00
0.000000000000000000e+00
0.000000000000000000e+00
0.000000000000000000e+00
0.000000000000000000e+00
0.000000000000000000e+00
0.000000000000000000e+00
0.000000000000000000e+00
0.000000000000000000e+00
0.000000000000000000e+00
5.956000000000000356e-03
0.000000000000000000e+00
0.000000000000000000e+00
0.000000000000000000e+00
0.000000000000000000e+00
0.000000000000000000e+00
0.000000000000000000e+00
0.000000000000000000e+00
9.939999999999999183e-03
0.000000000000000000e+00
0.000000000000000000e+00
0.000000000000000000e+00
3.878399999999999903e-02
0.000000000000000000e+00
3.275999999999999746e-02
7.851999999999999605e-03
7.536000000000000164e-03
0.000000000000000000e+00
0.000000000000000000e+00
0.000000000000000000e+00
0.000000000000000000e+00
0.000000000000000000e+00
0.000000000000000000e+00
0.000000000000000000e+00
0.000000000000000000e+00
0.000000000000000000e+00
0.000000000000000000e+00
0.000000000000000000e+00
0.000000000000000000e+00
0.000000000000000000e+00
0.000000000000000000e+00
0.000000000000000000e+00
0.000000000000000000e+00
0.000000000000000000e+00
0.000000000000000000e+00
0.000000000000000000e+00
0.000000000000000000e+00
0.000000000000000000e+00
0.000000000000000000e+00
0.000000000000000000e+00
0.000000000000000000e+00
0.000000000000000000e+00
0.000000000000000000e+00
0.000000000000000000e+00
0.000000000000000000e+00
0.000000000000000000e+00
0.000000000000000000e+00
0.000000000000000000e+00
4.599999999999999922e-03
0.000000000000000000e+00
0.000000000000000000e+00
0.000000000000000000e+00
0.000000000000000000e+00
0.000000000000000000e+00
0.000000000000000000e+00
0.000000000000000000e+00
0.000000000000000000e+00
0.000000000000000000e+00
0.000000000000000000e+00
0.000000000000000000e+00
0.000000000000000000e+00
0.000000000000000000e+00
0.000000000000000000e+00
0.000000000000000000e+00
2.413600000000000120e-02
0.000000000000000000e+00
0.000000000000000000e+00
0.000000000000000000e+00
0.000000000000000000e+00
0.000000000000000000e+00
0.000000000000000000e+00
0.000000000000000000e+00
3.971199999999999730e-02
0.000000000000000000e+00
0.000000000000000000e+00
0.000000000000000000e+00
2.325599999999999890e-02
0.000000000000000000e+00
9.579999999999999974e-03
1.119999999999999902e-03
1.479999999999999925e-04
6.087999999999999662e-03
0.000000000000000000e+00
1.019199999999999967e-02
0.000000000000000000e+00
0.000000000000000000e+00
0.000000000000000000e+00
4.390000000000000152e-02
0.000000000000000000e+00
0.000000000000000000e+00
0.000000000000000000e+00
0.000000000000000000e+00
0.000000000000000000e+00
0.000000000000000000e+00
0.000000000000000000e+00
3.440800000000000108e-02
0.000000000000000000e+00
0.000000000000000000e+00
0.000000000000000000e+00
0.000000000000000000e+00
0.000000000000000000e+00
0.000000000000000000e+00
0.000000000000000000e+00
0.000000000000000000e+00
0.000000000000000000e+00
0.000000000000000000e+00
0.000000000000000000e+00
0.000000000000000000e+00
0.000000000000000000e+00
0.000000000000000000e+00
0.000000000000000000e+00
8.507999999999999938e-03
0.000000000000000000e+00
0.000000000000000000e+00
0.000000000000000000e+00
0.000000000000000000e+00
0.000000000000000000e+00
0.000000000000000000e+00
0.000000000000000000e+00
0.000000000000000000e+00
0.000000000000000000e+00
0.000000000000000000e+00
0.000000000000000000e+00
0.000000000000000000e+00
0.000000000000000000e+00
0.000000000000000000e+00
0.000000000000000000e+00
0.000000000000000000e+00
0.000000000000000000e+00
0.000000000000000000e+00
0.000000000000000000e+00
0.000000000000000000e+00
0.000000000000000000e+00
0.000000000000000000e+00
0.000000000000000000e+00
0.000000000000000000e+00
0.000000000000000000e+00
0.000000000000000000e+00
0.000000000000000000e+00
0.000000000000000000e+00
0.000000000000000000e+00
0.000000000000000000e+00
0.000000000000000000e+00
8.632000000000000783e-03
4.976000000000000388e-03
2.526000000000000120e-02
0.000000000000000000e+00
4.328800000000000009e-02
0.000000000000000000e+00
0.000000000000000000e+00
0.000000000000000000e+00
2.494000000000000036e-02
0.000000000000000000e+00
0.000000000000000000e+00
0.000000000000000000e+00
0.000000000000000000e+00
0.000000000000000000e+00
0.000000000000000000e+00
0.000000000000000000e+00
1.027999999999999921e-02
0.000000000000000000e+00
0.000000000000000000e+00
0.000000000000000000e+00
0.000000000000000000e+00
0.000000000000000000e+00
0.000000000000000000e+00
0.000000000000000000e+00
0.000000000000000000e+00
0.000000000000000000e+00
0.000000000000000000e+00
0.000000000000000000e+00
0.000000000000000000e+00
0.000000000000000000e+00
0.000000000000000000e+00
0.000000000000000000e+00
1.324000000000000090e-03
8.935999999999999499e-03
4.571200000000000263e-02
0.000000000000000000e+00
3.537200000000000066e-02
0.000000000000000000e+00
0.000000000000000000e+00
0.000000000000000000e+00
1.042799999999999977e-02
0.000000000000000000e+00
0.000000000000000000e+00
0.000000000000000000e+00
0.000000000000000000e+00
0.000000000000000000e+00
0.000000000000000000e+00
0.000000000000000000e+00
1.078800000000000071e-02
4.357599999999999668e-02
2.318399999999999975e-02
0.000000000000000000e+00
8.580000000000000820e-03
0.000000000000000000e+00
0.000000000000000000e+00
0.000000000000000000e+00
1.172000000000000082e-03
3.294400000000000106e-02
8.316000000000000475e-03
0.000000000000000000e+00
8.227999999999999203e-03
1.008000000000000042e-02
1.155999999999999910e-03
1.101599999999999975e-02
2.264000000000000040e-02
