1.230000000000000017e-02
1.932000000000000037e-02
1.720000000000000066e-04
8.123999999999999277e-03
2.948000000000000100e-03
0.000000000000000000e+00
3.196000000000000056e-03
2.324800000000000130e-02
2.039999999999999984e-04
0.000000000000000000e+00
0.000000000000000000e+00
0.000000000000000000e+00
3.239999999999999825e-03
0.000000000000000000e+00
1.136799999999999963e-02
6.938800000000000523e-02
1.931599999999999984e-02
0.000000000000000000e+00
0.000000000000000000e+00
0.000000000000000000e+00
0.000000000000000000e+00
0.000000000000000000e+00
0.000000000000000000e+00
0.000000000000000000e+00
7.787999999999999784e-03
0.000000000000000000e+00
0.000000000000000000e+00
0.000000000000000000e+00
2.078800000000000092e-02
0.000000000000000000e+00
6.254400000000000237e-02
3.465599999999999931e-02
2.320000000000000014e-04
0.000000000000000000e+00
0.000000000000000000e+00
0.000000000000000000e+00
0.000000000000000000e+00
0.000000000000000000e+00
0.000000000000000000e+00
0.000000000000000000e+00
0.000000000000000000e+00
0.000000000000000000e+00
0.000000000000000000e+00
0.000000000000000000e+00
0.000000000000000000e+00
0.000000000000000000e+00
0.000000000000000000e+00
0.000000000000000000e+00
7.827999999999999889e-03
0.000000000000000000e+00
0.000000000000000000e+00
0.000000000000000000e+00
0.000000000000000000e+00
0.000000000000000000e+00
0.000000000000000000e+00
0.000000000000000000e+00
5.896000000000000199e-03
0.000000000000000000e+00
0.000000000000000000e+00
0.000000000000000000e+00
1.627599999999999880e-02
0.000000000000000000e+00
2.659999999999999865e-02
7.003999999999999809e-03
3.020000000000000115e-03
0.000000000000000000e+00
0.000000000000000000e+00
0.000000000000000000e+00
0.000000000000000000e+00
0.000000000000000000e+00
0.000000000000000000e+00
0.000000000000000000e+00
0.000000000000000000e+00
0.000000000000000000e+00
0.000000000000000000e+00
0.000000000000000000e+00
0.000000000000000000e+00
0.000000000000000000e+00
0.000000000000000000e+00
0.000000000000000000e+00
0.000000000000000000e+00
0.000000000000000000e+00
0.000000000000000000e+00
0.000000000000000000e+00
0.000000000000000000e+00
0.000000000000000000e+00
0.000000000000000000e+00
0.000000000000000000e+00
0.000000000000000000e+00
0.000000000000000000e+00
0.000000000000000000e+00
0.000000000000000000e+00
0.000000000000000000e+00
0.000000000000000000e+00
0.000000000000000000e+00
0.000000000000000000e+00
3.263999999999999974e-03
0.000000000000000000e+00
0.000000000000000000e+00
0.000000000000000000e+00
0.000000000000000000e+00
0.000000000000000000e+00
0.000000000000000000e+00
0.000000000000000000e+00
0.000000000000000000e+00
0.000000000000000000e+00
0.000000000000000000e+00
0.000000000000000000e+00
0.000000000000000000e+00
0.000000000000000000e+00
0.000000000000000000e+00
0.000000000000000000e+00
2.249599999999999864e-02
0.000000000000000000e+00
0.000000000000000000e+00
0.000000000000000000e+00
0.000000000000000000e+00
0.000000000000000000e+00
0.000000000000000000e+00
0.000000000000000000e+00
1.687200000000000158e-02
0.000000000000000000e+00
0.000000000000000000e+00
0.000000000000000000e+00
1.180800000000000079e-02
0.000000000000000000e+00
1.125999999999999918e-02
1.508000000000000009e-03
2.200000000000000078e-04
8.080000000000000376e-03
0.000000000000000000e+00
6.020000000000000177e-03
0.000000000000000000e+00
0.000000000000000000e+00
0.000000000000000000e+00
1.791600000000000137e-02
0.000000000000000000e+00
0.000000000000000000e+00
0.000000000000000000e+00
0.000000000000000000e+00
0.000000000000000000e+00
0.000000000000000000e+00
0.000000000000000000e+00
2.840000000000000163e-02
0.000000000000000000e+00
0.000000000000000000e+00
0.000000000000000000e+00
0.000000000000000000e+00
0.000000000000000000e+00
0.000000000000000000e+00
0.000000000000000000e+00
0.000000000000000000e+00
0.000000000000000000e+00
0.000000000000000000e+00
0.000000000000000000e+00
0.000000000000000000e+00
0.000000000000000000e+00
0.000000000000000000e+00
0.000000000000000000e+00
7.176000000000000087e-03
0.000000000000000000e+00
0.000000000000000000e+00
0.000000000000000000e+00
0.000000000000000000e+00
0.000000000000000000e+00
0.000000000000000000e+00
0.000000000000000000e+00
0.000000000000000000e+00
0.000000000000000000e+00
0.000000000000000000e+00
0.000000000000000000e+00
0.000000000000000000e+00
0.000000000000000000e+00
0.000000000000000000e+00
0.000000000000000000e+00
0.000000000000000000e+00
0.000000000000000000e+00
0.000000000000000000e+00
0.000000000000000000e+00
0.000000000000000000e+00
0.000000000000000000e+00
0.000000000000000000e+00
0.000000000000000000e+00
0.000000000000000000e+00
0.000000000000000000e+00
0.000000000000000000e+00
0.000000000000000000e+00
0.000000000000000000e+00
0.000000000000000000e+00
0.000000000000000000e+00
0.000000000000000000e+00
3.991999999999999889e-03
3.148000000000000190e-03
2.218799999999999939e-02
0.000000000000000000e+00
1.775200000000000042e-02
0.000000000000000000e+00
0.000000000000000000e+00
0.000000000000000000e+00
1.213999999999999975e-02
0.000000000000000000e+00
0.000000000000000000e+00
0.000000000000000000e+00
0.000000000000000000e+00
0.000000000000000000e+00
0.000000000000000000e+00
0.000000000000000000e+00
1.198800000000000039e-02
0.000000000000000000e+00
0.000000000000000000e+00
0.000000000000000000e+00
0.000000000000000000e+00
0.000000000000000000e+00
0.000000000000000000e+00
0.000000000000000000e+00
0.000000000000000000e+00
0.000000000000000000e+00
0.000000000000000000e+00
0.000000000000000000e+00
0.000000000000000000e+00
0.000000000000000000e+00
0.000000000000000000e+00
0.000000000000000000e+00
1.392000000000000008e-03
1.174000000000000044e-02
6.531199999999999506e-02
0.000000000000000000e+00
2.803599999999999842e-02
0.000000000000000000e+00
0.000000000000000000e+00
0.000000000000000000e+00
1.153999999999999991e-02
0.000000000000000000e+00
0.000000000000000000e+00
0.000000000000000000e+00
0.000000000000000000e+00
0.000000000000000000e+00
0.000000000000000000e+00
0.000000000000000000e+00
2.338000000000000148e-02
6.997200000000000641e-02
3.414799999999999780e-02
0.000000000000000000e+00
6.743999999999999995e-03
0.000000000000000000e+00
0.000000000000000000e+00
0.000000000000000000e+00
1.435999999999999993e-03
2.852800000000000127e-02
6.548000000000000001e-03
0.000000000000000000e+00
4.132000000000000256e-03
1.105199999999999932e-02
1.451999999999999949e-03
2.249200000000000157e-02
2.774000000000000077e-02
