1.134800000000000045e-02
8.184000000000000302e-03
1.359999999999999989e-04
5.651999999999999906e-03
8.200000000000000691e-03
0.000000000000000000e+00
5.139999999999999604e-03
2.473200000000000051e-02
1.359999999999999989e-04
0.000000000000000000e+00
0.000000000000000000e+00
0.000000000000000000e+00
5.328000000000000271e-03
0.000000000000000000e+00
8.600000000000000006e-03
4.009200000000000264e-02
8.491999999999999549e-03
0.000000000000000000e+00
0.000000000000000000e+00
0.000000000000000000e+00
0.000000000000000000e+00
0.000000000000000000e+00
0.000000000000000000e+00
0.000000000000000000e+00
5.328000000000000271e-03
0.000000000000000000e+00
0.000000000000000000e+00
0.000000000000000000e+00
2.361200000000000104e-02
0.000000000000000000e+00
3.917199999999999849e-02
2.129999999999999949e-02
1.600000000000000131e-04
0.000000000000000000e+00
0.000000000000000000e+00
0.000000000000000000e+00
0.000000000000000000e+00
0.000000000000000000e+00
0.000000000000000000e+00
0.000000000000000000e+00
0.000000000000000000e+00
0.000000000000000000e+00
0.000000000000000000e+00
0.000000000000000000e+00
0.000000000000000000e+00
0.000000000000000000e+00
0.000000000000000000e+00
0.000000000000000000e+00
5.475999999999999965e-03
0.000000000000000000e+00
0.000000000000000000e+00
0.000000000000000000e+00
0.000000000000000000e+00
0.000000000000000000e+00
0.000000000000000000e+00
0.000000000000000000e+00
1.034000000000000023e-02
0.000000000000000000e+00
0.000000000000000000e+00
0.000000000000000000e+00
4.309199999999999836e-02
0.000000000000000000e+00
3.168800000000000089e-02
9.107999999999999777e-03
8.380000000000000296e-03
0.000000000000000000e+00
0.000000000000000000e+00
0.000000000000000000e+00
0.000000000000000000e+00
0.000000000000000000e+00
0.000000000000000000e+00
0.000000000000000000e+00
0.000000000000000000e+00
0.000000000000000000e+00
0.000000000000000000e+00
0.000000000000000000e+00
0.000000000000000000e+00
0.000000000000000000e+00
0.000000000000000000e+00
0.000000000000000000e+00
0.000000000000000000e+00
0.000000000000000000e+00
0.000000000000000000e+00
0.000000000000000000e+00
0.000000000000000000e+00
0.000000000000000000e+00
0.000000000000000000e+00
0.000000000000000000e+00
0.000000000000000000e+00
0.000000000000000000e+00
0.000000000000000000e+00
0.000000000000000000e+00
0.000000000000000000e+00
0.000000000000000000e+00
0.000000000000000000e+00
0.000000000000000000e+00
5.740000000000000310e-03
0.000000000000000000e+00
0.000000000000000000e+00
0.000000000000000000e+00
0.000000000000000000e+00
0.000000000000000000e+00
0.000000000000000000e+00
0.000000000000000000e+00
0.000000000000000000e+00
0.000000000000000000e+00
0.000000000000000000e+00
0.000000000000000000e+00
0.000000000000000000e+00
0.000000000000000000e+00
0.000000000000000000e+00
0.000000000000000000e+00
2.432799999999999893e-02
0.000000000000000000e+00
0.000000000000000000e+00
0.000000000000000000e+00
0.000000000000000000e+00
0.000000000000000000e+00
0.000000000000000000e+00
0.000000000000000000e+00
4.361199999999999799e-02
0.000000000000000000e+00
0.000000000000000000e+00
0.000000000000000000e+00
2.463200000000000112e-02
0.000000000000000000e+00
8.776000000000000814e-03
1.160000000000000007e-03
2.280000000000000126e-04
5.799999999999999600e-03
0.000000000000000000e+00
1.058000000000000086e-02
0.000000000000000000e+00
0.000000000000000000e+00
0.000000000000000000e+00
4.798800000000000288e-02
0.000000000000000000e+00
0.000000000000000000e+00
0.000000000000000000e+00
0.000000000000000000e+00
0.000000000000000000e+00
0.000000000000000000e+00
0.000000000000000000e+00
3.418399999999999911e-02
0.000000000000000000e+00
0.000000000000000000e+00
0.000000000000000000e+00
0.000000000000000000e+00
0.000000000000000000e+00
0.000000000000000000e+00
0.000000000000000000e+00
0.000000000000000000e+00
0.000000000000000000e+00
0.000000000000000000e+00
0.000000000000000000e+00
0.000000000000000000e+00
0.000000000000000000e+00
0.000000000000000000e+00
0.000000000000000000e+00
8.611999999999999864e-03
0.000000000000000000e+00
0.000000000000000000e+00
0.000000000000000000e+00
0.000000000000000000e+00
0.000000000000000000e+00
0.000000000000000000e+00
0.000000000000000000e+00
0.000000000000000000e+00
0.000000000000000000e+00
0.000000000000000000e+00
0.000000000000000000e+00
0.000000000000000000e+00
0.000000000000000000e+00
0.000000000000000000e+00
0.000000000000000000e+00
0.000000000000000000e+00
0.000000000000000000e+00
0.000000000000000000e+00
0.000000000000000000e+00
0.000000000000000000e+00
0.000000000000000000e+00
0.000000000000000000e+00
0.000000000000000000e+00
0.000000000000000000e+00
0.000000000000000000e+00
0.000000000000000000e+00
0.000000000000000000e+00
0.000000000000000000e+00
0.000000000000000000e+00
0.000000000000000000e+00
0.000000000000000000e+00
9.707999999999999616e-03
5.343999999999999792e-03
2.513999999999999915e-02
0.000000000000000000e+00
4.828799999999999759e-02
0.000000000000000000e+00
0.000000000000000000e+00
0.000000000000000000e+00
2.631599999999999911e-02
0.000000000000000000e+00
0.000000000000000000e+00
0.000000000000000000e+00
0.000000000000000000e+00
0.000000000000000000e+00
0.000000000000000000e+00
0.000000000000000000e+00
9.091999999999999388e-03
0.000000000000000000e+00
0.000000000000000000e+00
0.000000000000000000e+00
0.000000000000000000e+00
0.000000000000000000e+00
0.000000000000000000e+00
0.000000000000000000e+00
0.000000000000000000e+00
0.000000000000000000e+00
0.000000000000000000e+00
0.000000000000000000e+00
0.000000000000000000e+00
0.000000000000000000e+00
0.000000000000000000e+00
0.000000000000000000e+00
1.199999999999999895e-03
8.651999999999999968e-03
4.138000000000000012e-02
0.000000000000000000e+00
3.531600000000000017e-02
0.000000000000000000e+00
0.000000000000000000e+00
0.000000000000000000e+00
9.688000000000000431e-03
0.000000000000000000e+00
0.000000000000000000e+00
0.000000000000000000e+00
0.000000000000000000e+00
0.000000000000000000e+00
0.000000000000000000e+00
0.000000000000000000e+00
9.676000000000000573e-03
3.915199999999999930e-02
2.235600000000000087e-02
0.000000000000000000e+00
9.376000000000000653e-03
0.000000000000000000e+00
0.000000000000000000e+00
0.000000000000000000e+00
1.412000000000000061e-03
3.335199999999999970e-02
9.107999999999999777e-03
0.000000000000000000e+00
9.284000000000000585e-03
9.176000000000000129e-03
1.095999999999999969e-03
9.492000000000000437e-03
2.250399999999999970e-02
