9.239999999999999949e-03
7.095999999999999877e-03
2.400000000000000061e-04
5.035999999999999678e-03
6.512000000000000427e-03
0.000000000000000000e+00
4.916000000000000231e-03
2.429200000000000109e-02
2.120000000000000031e-04
0.000000000000000000e+00
0.000000000000000000e+00
0.000000000000000000e+00
4.440000000000000370e-03
0.000000000000000000e+00
8.951999999999999888e-03
4.719999999999999890e-02
6.911999999999999741e-03
0.000000000000000000e+00
0.000000000000000000e+00
0.000000000000000000e+00
0.000000000000000000e+00
0.000000000000000000e+00
0.000000000000000000e+00
0.000000000000000000e+00
4.623999999999999638e-03
0.000000000000000000e+00
0.000000000000000000e+00
0.000000000000000000e+00
2.452800000000000119e-02
0.000000000000000000e+00
5.154799999999999660e-02
2.324000000000000024e-02
1.840000000000000001e-04
0.000000000000000000e+00
0.000000000000000000e+00
0.000000000000000000e+00
0.000000000000000000e+00
0.000000000000000000e+00
0.000000000000000000e+00
0.000000000000000000e+00
0.000000000000000000e+00
0.000000000000000000e+00
0.000000000000000000e+00
0.000000000000000000e+00
0.000000000000000000e+00
0.000000000000000000e+00
0.000000000000000000e+00
0.000000000000000000e+00
4.623999999999999638e-03
0.000000000000000000e+00
0.000000000000000000e+00
0.000000000000000000e+00
0.000000000000000000e+00
0.000000000000000000e+00
0.000000000000000000e+00
0.000000000000000000e+00
9.511999999999999622e-03
0.000000000000000000e+00
0.000000000000000000e+00
0.000000000000000000e+00
4.845599999999999907e-02
0.000000000000000000e+00
3.235999999999999988e-02
8.040000000000000271e-03
6.755999999999999853e-03
0.000000000000000000e+00
0.000000000000000000e+00
0.000000000000000000e+00
0.000000000000000000e+00
0.000000000000000000e+00
0.000000000000000000e+00
0.000000000000000000e+00
0.000000000000000000e+00
0.000000000000000000e+00
0.000000000000000000e+00
0.000000000000000000e+00
0.000000000000000000e+00
0.000000000000000000e+00
0.000000000000000000e+00
0.000000000000000000e+00
0.000000000000000000e+00
0.000000000000000000e+00
0.000000000000000000e+00
0.000000000000000000e+00
0.000000000000000000e+00
0.000000000000000000e+00
0.000000000000000000e+00
0.000000000000000000e+00
0.000000000000000000e+00
0.000000000000000000e+00
0.000000000000000000e+00
0.000000000000000000e+00
0.000000000000000000e+00
0.000000000000000000e+00
0.000000000000000000e+00
0.000000000000000000e+00
4.432000000000000176e-03
0.000000000000000000e+00
0.000000000000000000e+00
0.000000000000000000e+00
0.000000000000000000e+00
0.000000000000000000e+00
0.000000000000000000e+00
0.000000000000000000e+00
0.000000000000000000e+00
0.000000000000000000e+00
0.000000000000000000e+00
0.000000000000000000e+00
0.000000000000000000e+00
0.000000000000000000e+00
0.000000000000000000e+00
0.000000000000000000e+00
2.262799999999999881e-02
0.000000000000000000e+00
0.000000000000000000e+00
0.000000000000000000e+00
0.000000000000000000e+00
0.000000000000000000e+00
0.000000000000000000e+00
0.000000000000000000e+00
4.685999999999999888e-02
0.000000000000000000e+00
0.000000000000000000e+00
0.000000000000000000e+00
2.199200000000000113e-02
0.000000000000000000e+00
7.976000000000000451e-03
1.319999999999999993e-03
2.280000000000000126e-04
5.127999999999999746e-03
0.000000000000000000e+00
9.875999999999999363e-03
0.000000000000000000e+00
0.000000000000000000e+00
0.000000000000000000e+00
5.023199999999999887e-02
0.000000000000000000e+00
0.000000000000000000e+00
0.000000000000000000e+00
0.000000000000000000e+00
0.000000000000000000e+00
0.000000000000000000e+00
0.000000000000000000e+00
3.346799999999999775e-02
0.000000000000000000e+00
0.000000000000000000e+00
0.000000000000000000e+00
0.000000000000000000e+00
0.000000000000000000e+00
0.000000000000000000e+00
0.000000000000000000e+00
0.000000000000000000e+00
0.000000000000000000e+00
0.000000000000000000e+00
0.000000000000000000e+00
0.000000000000000000e+00
0.000000000000000000e+00
0.000000000000000000e+00
0.000000000000000000e+00
8.236000000000000265e-03
0.000000000000000000e+00
0.000000000000000000e+00
0.000000000000000000e+00
0.000000000000000000e+00
0.000000000000000000e+00
0.000000000000000000e+00
0.000000000000000000e+00
0.000000000000000000e+00
0.000000000000000000e+00
0.000000000000000000e+00
0.000000000000000000e+00
0.000000000000000000e+00
0.000000000000000000e+00
0.000000000000000000e+00
0.000000000000000000e+00
0.000000000000000000e+00
0.000000000000000000e+00
0.000000000000000000e+00
0.000000000000000000e+00
0.000000000000000000e+00
0.000000000000000000e+00
0.000000000000000000e+00
0.000000000000000000e+00
0.000000000000000000e+00
0.000000000000000000e+00
0.000000000000000000e+00
0.000000000000000000e+00
0.000000000000000000e+00
0.000000000000000000e+00
0.000000000000000000e+00
0.000000000000000000e+00
7.579999999999999932e-03
4.487999999999999802e-03
2.514399999999999968e-02
0.000000000000000000e+00
5.328800000000000203e-02
0.000000000000000000e+00
0.000000000000000000e+00
0.000000000000000000e+00
2.375199999999999881e-02
0.000000000000000000e+00
0.000000000000000000e+00
0.000000000000000000e+00
0.000000000000000000e+00
0.000000000000000000e+00
0.000000000000000000e+00
0.000000000000000000e+00
8.840000000000000635e-03
0.000000000000000000e+00
0.000000000000000000e+00
0.000000000000000000e+00
0.000000000000000000e+00
0.000000000000000000e+00
0.000000000000000000e+00
0.000000000000000000e+00
0.000000000000000000e+00
0.000000000000000000e+00
0.000000000000000000e+00
0.000000000000000000e+00
0.000000000000000000e+00
0.000000000000000000e+00
0.000000000000000000e+00
0.000000000000000000e+00
1.255999999999999955e-03
8.784000000000000141e-03
5.181199999999999695e-02
0.000000000000000000e+00
3.415200000000000180e-02
0.000000000000000000e+00
0.000000000000000000e+00
0.000000000000000000e+00
8.548000000000000043e-03
0.000000000000000000e+00
0.000000000000000000e+00
0.000000000000000000e+00
0.000000000000000000e+00
0.000000000000000000e+00
0.000000000000000000e+00
0.000000000000000000e+00
8.311999999999999944e-03
4.481600000000000167e-02
2.273199999999999874e-02
0.000000000000000000e+00
7.844000000000000278e-03
0.000000000000000000e+00
0.000000000000000000e+00
0.000000000000000000e+00
1.271999999999999910e-03
2.960000000000000131e-02
8.071999999999999315e-03
0.000000000000000000e+00
7.415999999999999849e-03
8.387999999999999623e-03
1.324000000000000090e-03
8.595999999999999475e-03
1.902399999999999924e-02
