4.461600000000000288e-02
2.818800000000000125e-02
6.211999999999999640e-03
1.157599999999999948e-02
4.812000000000000305e-03
0.000000000000000000e+00
7.283999999999999676e-03
1.318399999999999954e-02
4.008000000000000278e-03
0.000000000000000000e+00
0.000000000000000000e+00
0.000000000000000000e+00
6.023999999999999841e-03
0.000000000000000000e+00
1.350400000000000038e-02
3.041999999999999912e-02
2.564400000000000013e-02
0.000000000000000000e+00
0.000000000000000000e+00
0.000000000000000000e+00
0.000000000000000000e+00
0.000000000000000000e+00
0.000000000000000000e+00
0.000000000000000000e+00
8.996000000000000524e-03
0.000000000000000000e+00
0.000000000000000000e+00
0.000000000000000000e+00
1.463599999999999970e-02
0.000000000000000000e+00
3.841200000000000170e-02
1.855199999999999905e-02
5.668000000000000295e-03
0.000000000000000000e+00
0.000000000000000000e+00
0.000000000000000000e+00
0.000000000000000000e+00
0.000000000000000000e+00
0.000000000000000000e+00
0.000000000000000000e+00
0.000000000000000000e+00
0.000000000000000000e+00
0.000000000000000000e+00
0.000000000000000000e+00
0.000000000000000000e+00
0.000000000000000000e+00
0.000000000000000000e+00
0.000000000000000000e+00
1.019199999999999967e-02
0.000000000000000000e+00
0.000000000000000000e+00
0.000000000000000000e+00
0.000000000000000000e+00
0.000000000000000000e+00
0.000000000000000000e+00
0.000000000000000000e+00
4.939999999999999947e-03
0.000000000000000000e+00
0.000000000000000000e+00
0.000000000000000000e+00
8.267999999999999308e-03
0.000000000000000000e+00
1.583599999999999938e-02
7.616000000000000374e-03
4.631999999999999833e-03
0.000000000000000000e+00
0.000000000000000000e+00
0.000000000000000000e+00
0.000000000000000000e+00
0.000000000000000000e+00
0.000000000000000000e+00
0.000000000000000000e+00
0.000000000000000000e+00
0.000000000000000000e+00
0.000000000000000000e+00
0.000000000000000000e+00
0.000000000000000000e+00
0.000000000000000000e+00
0.000000000000000000e+00
0.000000000000000000e+00
0.000000000000000000e+00
0.000000000000000000e+00
0.000000000000000000e+00
0.000000000000000000e+00
0.000000000000000000e+00
0.000000000000000000e+00
0.000000000000000000e+00
0.000000000000000000e+00
0.000000000000000000e+00
0.000000000000000000e+00
0.000000000000000000e+00
0.000000000000000000e+00
0.000000000000000000e+00
0.000000000000000000e+00
0.000000000000000000e+00
0.000000000000000000e+00
6.899999999999999883e-03
0.000000000000000000e+00
0.000000000000000000e+00
0.000000000000000000e+00
0.000000000000000000e+00
0.000000000000000000e+00
0.000000000000000000e+00
0.000000000000000000e+00
0.000000000000000000e+00
0.000000000000000000e+00
0.000000000000000000e+00
0.000000000000000000e+00
0.000000000000000000e+00
0.000000000000000000e+00
0.000000000000000000e+00
0.000000000000000000e+00
1.180400000000000026e-02
0.000000000000000000e+00
0.000000000000000000e+00
0.000000000000000000e+00
0.000000000000000000e+00
0.000000000000000000e+00
0.000000000000000000e+00
0.000000000000000000e+00
6.424000000000000023e-03
0.000000000000000000e+00
0.000000000000000000e+00
0.000000000000000000e+00
5.159999999999999656e-03
0.000000000000000000e+00
1.054800000000000008e-02
5.452000000000000249e-03
4.219999999999999793e-03
9.851999999999999647e-03
0.000000000000000000e+00
5.120000000000000419e-03
0.000000000000000000e+00
0.000000000000000000e+00
0.000000000000000000e+00
7.144000000000000176e-03
0.000000000000000000e+00
0.000000000000000000e+00
0.000000000000000000e+00
0.000000000000000000e+00
0.000000000000000000e+00
0.000000000000000000e+00
0.000000000000000000e+00
1.473600000000000083e-02
0.000000000000000000e+00
0.000000000000000000e+00
0.000000000000000000e+00
0.000000000000000000e+00
0.000000000000000000e+00
0.000000000000000000e+00
0.000000000000000000e+00
0.000000000000000000e+00
0.000000000000000000e+00
0.000000000000000000e+00
0.000000000000000000e+00
0.000000000000000000e+00
0.000000000000000000e+00
0.000000000000000000e+00
0.000000000000000000e+00
9.724000000000000005e-03
0.000000000000000000e+00
0.000000000000000000e+00
0.000000000000000000e+00
0.000000000000000000e+00
0.000000000000000000e+00
0.000000000000000000e+00
0.000000000000000000e+00
0.000000000000000000e+00
0.000000000000000000e+00
0.000000000000000000e+00
0.000000000000000000e+00
0.000000000000000000e+00
0.000000000000000000e+00
0.000000000000000000e+00
0.000000000000000000e+00
0.000000000000000000e+00
0.000000000000000000e+00
0.000000000000000000e+00
0.000000000000000000e+00
0.000000000000000000e+00
0.000000000000000000e+00
0.000000000000000000e+00
0.000000000000000000e+00
0.000000000000000000e+00
0.000000000000000000e+00
0.000000000000000000e+00
0.000000000000000000e+00
0.000000000000000000e+00
0.000000000000000000e+00
0.000000000000000000e+00
0.000000000000000000e+00
5.268000000000000113e-03
5.904000000000000394e-03
1.532400000000000082e-02
0.000000000000000000e+00
8.528000000000000858e-03
0.000000000000000000e+00
0.000000000000000000e+00
0.000000000000000000e+00
6.216000000000000171e-03
0.000000000000000000e+00
0.000000000000000000e+00
0.000000000000000000e+00
0.000000000000000000e+00
0.000000000000000000e+00
0.000000000000000000e+00
0.000000000000000000e+00
1.314399999999999943e-02
0.000000000000000000e+00
0.000000000000000000e+00
0.000000000000000000e+00
0.000000000000000000e+00
0.000000000000000000e+00
0.000000000000000000e+00
0.000000000000000000e+00
0.000000000000000000e+00
0.000000000000000000e+00
0.000000000000000000e+00
0.000000000000000000e+00
0.000000000000000000e+00
0.000000000000000000e+00
0.000000000000000000e+00
0.000000000000000000e+00
7.060000000000000303e-03
1.244800000000000073e-02
3.896000000000000157e-02
0.000000000000000000e+00
1.598000000000000115e-02
0.000000000000000000e+00
0.000000000000000000e+00
0.000000000000000000e+00
1.175600000000000082e-02
0.000000000000000000e+00
0.000000000000000000e+00
0.000000000000000000e+00
0.000000000000000000e+00
0.000000000000000000e+00
0.000000000000000000e+00
0.000000000000000000e+00
2.920000000000000026e-02
2.859599999999999989e-02
1.752400000000000138e-02
0.000000000000000000e+00
7.784000000000000120e-03
0.000000000000000000e+00
0.000000000000000000e+00
0.000000000000000000e+00
5.827999999999999847e-03
1.341999999999999964e-02
9.228000000000000091e-03
0.000000000000000000e+00
5.224000000000000345e-03
1.205200000000000021e-02
6.747999999999999658e-03
2.737600000000000103e-02
5.532800000000000218e-02
