3.651200000000000279e-02
2.048399999999999874e-02
3.011999999999999920e-03
1.064400000000000068e-02
6.620000000000000016e-03
0.000000000000000000e+00
7.835999999999999216e-03
2.261200000000000015e-02
4.435999999999999839e-03
0.000000000000000000e+00
0.000000000000000000e+00
0.000000000000000000e+00
9.480000000000000579e-03
0.000000000000000000e+00
1.426799999999999943e-02
3.763199999999999878e-02
1.937200000000000033e-02
0.000000000000000000e+00
0.000000000000000000e+00
0.000000000000000000e+00
0.000000000000000000e+00
0.000000000000000000e+00
0.000000000000000000e+00
0.000000000000000000e+00
1.178000000000000054e-02
0.000000000000000000e+00
0.000000000000000000e+00
0.000000000000000000e+00
1.781200000000000144e-02
0.000000000000000000e+00
2.526799999999999879e-02
1.638399999999999926e-02
3.187999999999999862e-03
0.000000000000000000e+00
0.000000000000000000e+00
0.000000000000000000e+00
0.000000000000000000e+00
0.000000000000000000e+00
0.000000000000000000e+00
0.000000000000000000e+00
0.000000000000000000e+00
0.000000000000000000e+00
0.000000000000000000e+00
0.000000000000000000e+00
0.000000000000000000e+00
0.000000000000000000e+00
0.000000000000000000e+00
0.000000000000000000e+00
1.018400000000000034e-02
0.000000000000000000e+00
0.000000000000000000e+00
0.000000000000000000e+00
0.000000000000000000e+00
0.000000000000000000e+00
0.000000000000000000e+00
0.000000000000000000e+00
7.427999999999999707e-03
0.000000000000000000e+00
0.000000000000000000e+00
0.000000000000000000e+00
1.072799999999999969e-02
0.000000000000000000e+00
1.859999999999999848e-02
1.083199999999999961e-02
6.760000000000000384e-03
0.000000000000000000e+00
0.000000000000000000e+00
0.000000000000000000e+00
0.000000000000000000e+00
0.000000000000000000e+00
0.000000000000000000e+00
0.000000000000000000e+00
0.000000000000000000e+00
0.000000000000000000e+00
0.000000000000000000e+00
0.000000000000000000e+00
0.000000000000000000e+00
0.000000000000000000e+00
0.000000000000000000e+00
0.000000000000000000e+00
0.000000000000000000e+00
0.000000000000000000e+00
0.000000000000000000e+00
0.000000000000000000e+00
0.000000000000000000e+00
0.000000000000000000e+00
0.000000000000000000e+00
0.000000000000000000e+00
0.000000000000000000e+00
0.000000000000000000e+00
0.000000000000000000e+00
0.000000000000000000e+00
0.000000000000000000e+00
0.000000000000000000e+00
0.000000000000000000e+00
0.000000000000000000e+00
7.812000000000000367e-03
0.000000000000000000e+00
0.000000000000000000e+00
0.000000000000000000e+00
0.000000000000000000e+00
0.000000000000000000e+00
0.000000000000000000e+00
0.000000000000000000e+00
0.000000000000000000e+00
0.000000000000000000e+00
0.000000000000000000e+00
0.000000000000000000e+00
0.000000000000000000e+00
0.000000000000000000e+00
0.000000000000000000e+00
0.000000000000000000e+00
2.152000000000000093e-02
0.000000000000000000e+00
0.000000000000000000e+00
0.000000000000000000e+00
0.000000000000000000e+00
0.000000000000000000e+00
0.000000000000000000e+00
0.000000000000000000e+00
1.363600000000000055e-02
0.000000000000000000e+00
0.000000000000000000e+00
0.000000000000000000e+00
8.212000000000000549e-03
0.000000000000000000e+00
1.323599999999999950e-02
4.836000000000000021e-03
4.703999999999999848e-03
1.252400000000000041e-02
0.000000000000000000e+00
8.224000000000000407e-03
0.000000000000000000e+00
0.000000000000000000e+00
0.000000000000000000e+00
1.516400000000000040e-02
0.000000000000000000e+00
0.000000000000000000e+00
0.000000000000000000e+00
0.000000000000000000e+00
0.000000000000000000e+00
0.000000000000000000e+00
0.000000000000000000e+00
2.405200000000000046e-02
0.000000000000000000e+00
0.000000000000000000e+00
0.000000000000000000e+00
0.000000000000000000e+00
0.000000000000000000e+00
0.000000000000000000e+00
0.000000000000000000e+00
0.000000000000000000e+00
0.000000000000000000e+00
0.000000000000000000e+00
0.000000000000000000e+00
0.000000000000000000e+00
0.000000000000000000e+00
0.000000000000000000e+00
0.000000000000000000e+00
8.975999999999999604e-03
0.000000000000000000e+00
0.000000000000000000e+00
0.000000000000000000e+00
0.000000000000000000e+00
0.000000000000000000e+00
0.000000000000000000e+00
0.000000000000000000e+00
0.000000000000000000e+00
0.000000000000000000e+00
0.000000000000000000e+00
0.000000000000000000e+00
0.000000000000000000e+00
0.000000000000000000e+00
0.000000000000000000e+00
0.000000000000000000e+00
0.000000000000000000e+00
0.000000000000000000e+00
0.000000000000000000e+00
0.000000000000000000e+00
0.000000000000000000e+00
0.000000000000000000e+00
0.000000000000000000e+00
0.000000000000000000e+00
0.000000000000000000e+00
0.000000000000000000e+00
0.000000000000000000e+00
0.000000000000000000e+00
0.000000000000000000e+00
0.000000000000000000e+00
0.000000000000000000e+00
0.000000000000000000e+00
7.556000000000000216e-03
9.783999999999999295e-03
1.892800000000000038e-02
0.000000000000000000e+00
1.186000000000000075e-02
0.000000000000000000e+00
0.000000000000000000e+00
0.000000000000000000e+00
9.076000000000000734e-03
0.000000000000000000e+00
0.000000000000000000e+00
0.000000000000000000e+00
0.000000000000000000e+00
0.000000000000000000e+00
0.000000000000000000e+00
0.000000000000000000e+00
1.187999999999999994e-02
0.000000000000000000e+00
0.000000000000000000e+00
0.000000000000000000e+00
0.000000000000000000e+00
0.000000000000000000e+00
0.000000000000000000e+00
0.000000000000000000e+00
0.000000000000000000e+00
0.000000000000000000e+00
0.000000000000000000e+00
0.000000000000000000e+00
0.000000000000000000e+00
0.000000000000000000e+00
0.000000000000000000e+00
0.000000000000000000e+00
3.651999999999999864e-03
1.445600000000000010e-02
2.706400000000000125e-02
0.000000000000000000e+00
1.953600000000000128e-02
0.000000000000000000e+00
0.000000000000000000e+00
0.000000000000000000e+00
1.435999999999999950e-02
0.000000000000000000e+00
0.000000000000000000e+00
0.000000000000000000e+00
0.000000000000000000e+00
0.000000000000000000e+00
0.000000000000000000e+00
0.000000000000000000e+00
2.010800000000000087e-02
3.522000000000000131e-02
1.629600000000000146e-02
0.000000000000000000e+00
1.104800000000000053e-02
0.000000000000000000e+00
0.000000000000000000e+00
0.000000000000000000e+00
5.568000000000000033e-03
2.250399999999999970e-02
8.800000000000000530e-03
0.000000000000000000e+00
7.568000000000000074e-03
1.128799999999999942e-02
3.520000000000000125e-03
1.892800000000000038e-02
4.390800000000000258e-02
