1.967999999999999958e-02
1.919999999999999832e-02
5.959999999999999586e-04
8.831999999999999573e-03
5.812000000000000326e-03
0.000000000000000000e+00
5.519999999999999733e-03
2.547200000000000158e-02
5.640000000000000482e-04
0.000000000000000000e+00
0.000000000000000000e+00
0.000000000000000000e+00
5.715999999999999727e-03
0.000000000000000000e+00
1.200799999999999958e-02
4.823600000000000110e-02
1.837599999999999997e-02
0.000000000000000000e+00
0.000000000000000000e+00
0.000000000000000000e+00
0.000000000000000000e+00
0.000000000000000000e+00
0.000000000000000000e+00
0.000000000000000000e+00
8.151999999999999524e-03
0.000000000000000000e+00
0.000000000000000000e+00
0.000000000000000000e+00
2.191600000000000145e-02
0.000000000000000000e+00
4.162400000000000128e-02
2.515999999999999834e-02
5.320000000000000293e-04
0.000000000000000000e+00
0.000000000000000000e+00
0.000000000000000000e+00
0.000000000000000000e+00
0.000000000000000000e+00
0.000000000000000000e+00
0.000000000000000000e+00
0.000000000000000000e+00
0.000000000000000000e+00
0.000000000000000000e+00
0.000000000000000000e+00
0.000000000000000000e+00
0.000000000000000000e+00
0.000000000000000000e+00
0.000000000000000000e+00
7.863999999999999463e-03
0.000000000000000000e+00
0.000000000000000000e+00
0.000000000000000000e+00
0.000000000000000000e+00
0.000000000000000000e+00
0.000000000000000000e+00
0.000000000000000000e+00
7.100000000000000408e-03
0.000000000000000000e+00
0.000000000000000000e+00
0.000000000000000000e+00
1.718400000000000136e-02
0.000000000000000000e+00
2.649599999999999872e-02
9.088000000000000592e-03
5.896000000000000199e-03
0.000000000000000000e+00
0.000000000000000000e+00
0.000000000000000000e+00
0.000000000000000000e+00
0.000000000000000000e+00
0.000000000000000000e+00
0.000000000000000000e+00
0.000000000000000000e+00
0.000000000000000000e+00
0.000000000000000000e+00
0.000000000000000000e+00
0.000000000000000000e+00
0.000000000000000000e+00
0.000000000000000000e+00
0.000000000000000000e+00
0.000000000000000000e+00
0.000000000000000000e+00
0.000000000000000000e+00
0.000000000000000000e+00
0.000000000000000000e+00
0.000000000000000000e+00
0.000000000000000000e+00
0.000000000000000000e+00
0.000000000000000000e+00
0.000000000000000000e+00
0.000000000000000000e+00
0.000000000000000000e+00
0.000000000000000000e+00
0.000000000000000000e+00
0.000000000000000000e+00
0.000000000000000000e+00
5.655999999999999570e-03
0.000000000000000000e+00
0.000000000000000000e+00
0.000000000000000000e+00
0.000000000000000000e+00
0.000000000000000000e+00
0.000000000000000000e+00
0.000000000000000000e+00
0.000000000000000000e+00
0.000000000000000000e+00
0.000000000000000000e+00
0.000000000000000000e+00
0.000000000000000000e+00
0.000000000000000000e+00
0.000000000000000000e+00
0.000000000000000000e+00
2.417599999999999957e-02
0.000000000000000000e+00
0.000000000000000000e+00
0.000000000000000000e+00
0.000000000000000000e+00
0.000000000000000000e+00
0.000000000000000000e+00
0.000000000000000000e+00
1.868799999999999975e-02
0.000000000000000000e+00
0.000000000000000000e+00
0.000000000000000000e+00
1.214800000000000081e-02
0.000000000000000000e+00
1.160399999999999973e-02
1.608000000000000054e-03
5.360000000000000181e-04
8.923999999999999641e-03
0.000000000000000000e+00
8.023999999999999883e-03
0.000000000000000000e+00
0.000000000000000000e+00
0.000000000000000000e+00
2.195599999999999982e-02
0.000000000000000000e+00
0.000000000000000000e+00
0.000000000000000000e+00
0.000000000000000000e+00
0.000000000000000000e+00
0.000000000000000000e+00
0.000000000000000000e+00
3.169199999999999795e-02
0.000000000000000000e+00
0.000000000000000000e+00
0.000000000000000000e+00
0.000000000000000000e+00
0.000000000000000000e+00
0.000000000000000000e+00
0.000000000000000000e+00
0.000000000000000000e+00
0.000000000000000000e+00
0.000000000000000000e+00
0.000000000000000000e+00
0.000000000000000000e+00
0.000000000000000000e+00
0.000000000000000000e+00
0.000000000000000000e+00
9.015999999999999709e-03
0.000000000000000000e+00
0.000000000000000000e+00
0.000000000000000000e+00
0.000000000000000000e+00
0.000000000000000000e+00
0.000000000000000000e+00
0.000000000000000000e+00
0.000000000000000000e+00
0.000000000000000000e+00
0.000000000000000000e+00
0.000000000000000000e+00
0.000000000000000000e+00
0.000000000000000000e+00
0.000000000000000000e+00
0.000000000000000000e+00
0.000000000000000000e+00
0.000000000000000000e+00
0.000000000000000000e+00
0.000000000000000000e+00
0.000000000000000000e+00
0.000000000000000000e+00
0.000000000000000000e+00
0.000000000000000000e+00
0.000000000000000000e+00
0.000000000000000000e+00
0.000000000000000000e+00
0.000000000000000000e+00
0.000000000000000000e+00
0.000000000000000000e+00
0.000000000000000000e+00
0.000000000000000000e+00
7.147999999999999840e-03
5.623999999999999659e-03
2.442000000000000073e-02
0.000000000000000000e+00
1.933199999999999849e-02
0.000000000000000000e+00
0.000000000000000000e+00
0.000000000000000000e+00
1.395200000000000086e-02
0.000000000000000000e+00
0.000000000000000000e+00
0.000000000000000000e+00
0.000000000000000000e+00
0.000000000000000000e+00
0.000000000000000000e+00
0.000000000000000000e+00
1.267199999999999924e-02
0.000000000000000000e+00
0.000000000000000000e+00
0.000000000000000000e+00
0.000000000000000000e+00
0.000000000000000000e+00
0.000000000000000000e+00
0.000000000000000000e+00
0.000000000000000000e+00
0.000000000000000000e+00
0.000000000000000000e+00
0.000000000000000000e+00
0.000000000000000000e+00
0.000000000000000000e+00
0.000000000000000000e+00
0.000000000000000000e+00
1.863999999999999988e-03
1.261199999999999995e-02
4.668800000000000033e-02
0.000000000000000000e+00
2.954800000000000135e-02
0.000000000000000000e+00
0.000000000000000000e+00
0.000000000000000000e+00
1.304400000000000004e-02
0.000000000000000000e+00
0.000000000000000000e+00
0.000000000000000000e+00
0.000000000000000000e+00
0.000000000000000000e+00
0.000000000000000000e+00
0.000000000000000000e+00
2.193200000000000011e-02
4.504400000000000071e-02
2.665999999999999967e-02
0.000000000000000000e+00
9.131999999999999493e-03
0.000000000000000000e+00
0.000000000000000000e+00
0.000000000000000000e+00
1.975999999999999892e-03
2.885199999999999917e-02
9.055999999999999814e-03
0.000000000000000000e+00
7.072000000000000161e-03
1.142400000000000013e-02
1.655999999999999920e-03
2.055600000000000135e-02
3.360400000000000192e-02
