1.257999999999999917e-02
1.462800000000000038e-02
3.480000000000000020e-04
7.052000000000000109e-03
5.048000000000000403e-03
0.000000000000000000e+00
3.615999999999999857e-03
2.140399999999999942e-02
3.400000000000000244e-04
0.000000000000000000e+00
0.000000000000000000e+00
0.000000000000000000e+00
3.540000000000000178e-03
0.000000000000000000e+00
8.651999999999999968e-03
4.695200000000000068e-02
1.401999999999999948e-02
0.000000000000000000e+00
0.000000000000000000e+00
0.000000000000000000e+00
0.000000000000000000e+00
0.000000000000000000e+00
0.000000000000000000e+00
0.000000000000000000e+00
6.651999999999999927e-03
0.000000000000000000e+00
0.000000000000000000e+00
0.000000000000000000e+00
2.026400000000000076e-02
0.000000000000000000e+00
4.490399999999999947e-02
3.235999999999999988e-02
3.800000000000000209e-04
0.000000000000000000e+00
0.000000000000000000e+00
0.000000000000000000e+00
0.000000000000000000e+00
0.000000000000000000e+00
0.000000000000000000e+00
0.000000000000000000e+00
0.000000000000000000e+00
0.000000000000000000e+00
0.000000000000000000e+00
0.000000000000000000e+00
0.000000000000000000e+00
0.000000000000000000e+00
0.000000000000000000e+00
0.000000000000000000e+00
6.628000000000000211e-03
0.000000000000000000e+00
0.000000000000000000e+00
0.000000000000000000e+00
0.000000000000000000e+00
0.000000000000000000e+00
0.000000000000000000e+00
0.000000000000000000e+00
7.020000000000000198e-03
0.000000000000000000e+00
0.000000000000000000e+00
0.000000000000000000e+00
2.300400000000000014e-02
0.000000000000000000e+00
2.694799999999999973e-02
9.100000000000000450e-03
5.067999999999999589e-03
0.000000000000000000e+00
0.000000000000000000e+00
0.000000000000000000e+00
0.000000000000000000e+00
0.000000000000000000e+00
0.000000000000000000e+00
0.000000000000000000e+00
0.000000000000000000e+00
0.000000000000000000e+00
0.000000000000000000e+00
0.000000000000000000e+00
0.000000000000000000e+00
0.000000000000000000e+00
0.000000000000000000e+00
0.000000000000000000e+00
0.000000000000000000e+00
0.000000000000000000e+00
0.000000000000000000e+00
0.000000000000000000e+00
0.000000000000000000e+00
0.000000000000000000e+00
0.000000000000000000e+00
0.000000000000000000e+00
0.000000000000000000e+00
0.000000000000000000e+00
0.000000000000000000e+00
0.000000000000000000e+00
0.000000000000000000e+00
0.000000000000000000e+00
0.000000000000000000e+00
0.000000000000000000e+00
3.860000000000000150e-03
0.000000000000000000e+00
0.000000000000000000e+00
0.000000000000000000e+00
0.000000000000000000e+00
0.000000000000000000e+00
0.000000000000000000e+00
0.000000000000000000e+00
0.000000000000000000e+00
0.000000000000000000e+00
0.000000000000000000e+00
0.000000000000000000e+00
0.000000000000000000e+00
0.000000000000000000e+00
0.000000000000000000e+00
0.000000000000000000e+00
1.966000000000000039e-02
0.000000000000000000e+00
0.000000000000000000e+00
0.000000000000000000e+00
0.000000000000000000e+00
0.000000000000000000e+00
0.000000000000000000e+00
0.000000000000000000e+00
2.698400000000000104e-02
0.000000000000000000e+00
0.000000000000000000e+00
0.000000000000000000e+00
2.431600000000000081e-02
0.000000000000000000e+00
1.206800000000000060e-02
3.376000000000000095e-03
3.719999999999999891e-04
7.516000000000000111e-03
0.000000000000000000e+00
7.660000000000000142e-03
0.000000000000000000e+00
0.000000000000000000e+00
0.000000000000000000e+00
2.890399999999999914e-02
0.000000000000000000e+00
0.000000000000000000e+00
0.000000000000000000e+00
0.000000000000000000e+00
0.000000000000000000e+00
0.000000000000000000e+00
0.000000000000000000e+00
2.925600000000000075e-02
0.000000000000000000e+00
0.000000000000000000e+00
0.000000000000000000e+00
0.000000000000000000e+00
0.000000000000000000e+00
0.000000000000000000e+00
0.000000000000000000e+00
0.000000000000000000e+00
0.000000000000000000e+00
0.000000000000000000e+00
0.000000000000000000e+00
0.000000000000000000e+00
0.000000000000000000e+00
0.000000000000000000e+00
0.000000000000000000e+00
9.383999999999999980e-03
0.000000000000000000e+00
0.000000000000000000e+00
0.000000000000000000e+00
0.000000000000000000e+00
0.000000000000000000e+00
0.000000000000000000e+00
0.000000000000000000e+00
0.000000000000000000e+00
0.000000000000000000e+00
0.000000000000000000e+00
0.000000000000000000e+00
0.000000000000000000e+00
0.000000000000000000e+00
0.000000000000000000e+00
0.000000000000000000e+00
0.000000000000000000e+00
0.000000000000000000e+00
0.000000000000000000e+00
0.000000000000000000e+00
0.000000000000000000e+00
0.000000000000000000e+00
0.000000000000000000e+00
0.000000000000000000e+00
0.000000000000000000e+00
0.000000000000000000e+00
0.000000000000000000e+00
0.000000000000000000e+00
0.000000000000000000e+00
0.000000000000000000e+00
0.000000000000000000e+00
0.000000000000000000e+00
6.380000000000000254e-03
3.815999999999999948e-03
2.156800000000000037e-02
0.000000000000000000e+00
2.362799999999999970e-02
0.000000000000000000e+00
0.000000000000000000e+00
0.000000000000000000e+00
2.646400000000000141e-02
0.000000000000000000e+00
0.000000000000000000e+00
0.000000000000000000e+00
0.000000000000000000e+00
0.000000000000000000e+00
0.000000000000000000e+00
0.000000000000000000e+00
1.418799999999999922e-02
0.000000000000000000e+00
0.000000000000000000e+00
0.000000000000000000e+00
0.000000000000000000e+00
0.000000000000000000e+00
0.000000000000000000e+00
0.000000000000000000e+00
0.000000000000000000e+00
0.000000000000000000e+00
0.000000000000000000e+00
0.000000000000000000e+00
0.000000000000000000e+00
0.000000000000000000e+00
0.000000000000000000e+00
0.000000000000000000e+00
3.936000000000000262e-03
8.408000000000000543e-03
4.812400000000000011e-02
0.000000000000000000e+00
2.951200000000000004e-02
0.000000000000000000e+00
0.000000000000000000e+00
0.000000000000000000e+00
1.409999999999999969e-02
0.000000000000000000e+00
0.000000000000000000e+00
0.000000000000000000e+00
0.000000000000000000e+00
0.000000000000000000e+00
0.000000000000000000e+00
0.000000000000000000e+00
1.832800000000000054e-02
4.429600000000000204e-02
3.199199999999999960e-02
0.000000000000000000e+00
9.419999999999999554e-03
0.000000000000000000e+00
0.000000000000000000e+00
0.000000000000000000e+00
3.775999999999999843e-03
2.722000000000000114e-02
8.940000000000000030e-03
0.000000000000000000e+00
6.251999999999999745e-03
1.180800000000000079e-02
3.432000000000000155e-03
1.752000000000000085e-02
4.315200000000000286e-02
