1.469999999999999953e-02
1.152399999999999952e-02
3.440000000000000132e-04
7.268000000000000155e-03
7.779999999999999589e-03
0.000000000000000000e+00
5.368000000000000375e-03
2.526799999999999879e-02
3.319999999999999926e-04
0.000000000000000000e+00
0.000000000000000000e+00
0.000000000000000000e+00
5.164000000000000187e-03
0.000000000000000000e+00
9.492000000000000437e-03
3.943599999999999883e-02
1.145599999999999917e-02
0.000000000000000000e+00
0.000000000000000000e+00
0.000000000000000000e+00
0.000000000000000000e+00
0.000000000000000000e+00
0.000000000000000000e+00
0.000000000000000000e+00
6.720000000000000279e-03
0.000000000000000000e+00
0.000000000000000000e+00
0.000000000000000000e+00
2.344399999999999956e-02
0.000000000000000000e+00
3.757200000000000123e-02
2.443999999999999992e-02
3.519999999999999908e-04
0.000000000000000000e+00
0.000000000000000000e+00
0.000000000000000000e+00
0.000000000000000000e+00
0.000000000000000000e+00
0.000000000000000000e+00
0.000000000000000000e+00
0.000000000000000000e+00
0.000000000000000000e+00
0.000000000000000000e+00
0.000000000000000000e+00
0.000000000000000000e+00
0.000000000000000000e+00
0.000000000000000000e+00
0.000000000000000000e+00
6.723999999999999942e-03
0.000000000000000000e+00
0.000000000000000000e+00
0.000000000000000000e+00
0.000000000000000000e+00
0.000000000000000000e+00
0.000000000000000000e+00
0.000000000000000000e+00
8.980000000000000135e-03
0.000000000000000000e+00
0.000000000000000000e+00
0.000000000000000000e+00
3.153999999999999859e-02
0.000000000000000000e+00
3.164000000000000146e-02
1.014800000000000077e-02
7.660000000000000142e-03
0.000000000000000000e+00
0.000000000000000000e+00
0.000000000000000000e+00
0.000000000000000000e+00
0.000000000000000000e+00
0.000000000000000000e+00
0.000000000000000000e+00
0.000000000000000000e+00
0.000000000000000000e+00
0.000000000000000000e+00
0.000000000000000000e+00
0.000000000000000000e+00
0.000000000000000000e+00
0.000000000000000000e+00
0.000000000000000000e+00
0.000000000000000000e+00
0.000000000000000000e+00
0.000000000000000000e+00
0.000000000000000000e+00
0.000000000000000000e+00
0.000000000000000000e+00
0.000000000000000000e+00
0.000000000000000000e+00
0.000000000000000000e+00
0.000000000000000000e+00
0.000000000000000000e+00
0.000000000000000000e+00
0.000000000000000000e+00
0.000000000000000000e+00
0.000000000000000000e+00
0.000000000000000000e+00
5.023999999999999820e-03
0.000000000000000000e+00
0.000000000000000000e+00
0.000000000000000000e+00
0.000000000000000000e+00
0.000000000000000000e+00
0.000000000000000000e+00
0.000000000000000000e+00
0.000000000000000000e+00
0.000000000000000000e+00
0.000000000000000000e+00
0.000000000000000000e+00
0.000000000000000000e+00
0.000000000000000000e+00
0.000000000000000000e+00
0.000000000000000000e+00
2.268399999999999930e-02
0.000000000000000000e+00
0.000000000000000000e+00
0.000000000000000000e+00
0.000000000000000000e+00
0.000000000000000000e+00
0.000000000000000000e+00
0.000000000000000000e+00
3.054799999999999877e-02
0.000000000000000000e+00
0.000000000000000000e+00
0.000000000000000000e+00
2.103599999999999914e-02
0.000000000000000000e+00
1.091199999999999982e-02
2.015999999999999997e-03
3.119999999999999944e-04
6.819999999999999674e-03
0.000000000000000000e+00
1.004000000000000031e-02
0.000000000000000000e+00
0.000000000000000000e+00
0.000000000000000000e+00
3.466799999999999743e-02
0.000000000000000000e+00
0.000000000000000000e+00
0.000000000000000000e+00
0.000000000000000000e+00
0.000000000000000000e+00
0.000000000000000000e+00
0.000000000000000000e+00
3.474800000000000111e-02
0.000000000000000000e+00
0.000000000000000000e+00
0.000000000000000000e+00
0.000000000000000000e+00
0.000000000000000000e+00
0.000000000000000000e+00
0.000000000000000000e+00
0.000000000000000000e+00
0.000000000000000000e+00
0.000000000000000000e+00
0.000000000000000000e+00
0.000000000000000000e+00
0.000000000000000000e+00
0.000000000000000000e+00
0.000000000000000000e+00
1.064799999999999948e-02
0.000000000000000000e+00
0.000000000000000000e+00
0.000000000000000000e+00
0.000000000000000000e+00
0.000000000000000000e+00
0.000000000000000000e+00
0.000000000000000000e+00
0.000000000000000000e+00
0.000000000000000000e+00
0.000000000000000000e+00
0.000000000000000000e+00
0.000000000000000000e+00
0.000000000000000000e+00
0.000000000000000000e+00
0.000000000000000000e+00
0.000000000000000000e+00
0.000000000000000000e+00
0.000000000000000000e+00
0.000000000000000000e+00
0.000000000000000000e+00
0.000000000000000000e+00
0.000000000000000000e+00
0.000000000000000000e+00
0.000000000000000000e+00
0.000000000000000000e+00
0.000000000000000000e+00
0.000000000000000000e+00
0.000000000000000000e+00
0.000000000000000000e+00
0.000000000000000000e+00
0.000000000000000000e+00
9.403999999999999165e-03
5.115999999999999888e-03
2.393199999999999841e-02
0.000000000000000000e+00
3.506000000000000089e-02
0.000000000000000000e+00
0.000000000000000000e+00
0.000000000000000000e+00
2.436400000000000024e-02
0.000000000000000000e+00
0.000000000000000000e+00
0.000000000000000000e+00
0.000000000000000000e+00
0.000000000000000000e+00
0.000000000000000000e+00
0.000000000000000000e+00
1.246000000000000059e-02
0.000000000000000000e+00
0.000000000000000000e+00
0.000000000000000000e+00
0.000000000000000000e+00
0.000000000000000000e+00
0.000000000000000000e+00
0.000000000000000000e+00
0.000000000000000000e+00
0.000000000000000000e+00
0.000000000000000000e+00
0.000000000000000000e+00
0.000000000000000000e+00
0.000000000000000000e+00
0.000000000000000000e+00
0.000000000000000000e+00
2.207999999999999893e-03
8.748000000000000567e-03
3.723599999999999827e-02
0.000000000000000000e+00
3.330000000000000321e-02
0.000000000000000000e+00
0.000000000000000000e+00
0.000000000000000000e+00
1.252799999999999921e-02
0.000000000000000000e+00
0.000000000000000000e+00
0.000000000000000000e+00
0.000000000000000000e+00
0.000000000000000000e+00
0.000000000000000000e+00
0.000000000000000000e+00
1.412799999999999993e-02
3.639599999999999780e-02
2.379200000000000065e-02
0.000000000000000000e+00
1.012399999999999932e-02
0.000000000000000000e+00
0.000000000000000000e+00
0.000000000000000000e+00
2.191999999999999938e-03
2.944799999999999848e-02
9.615999999999999548e-03
0.000000000000000000e+00
9.508000000000000826e-03
1.144399999999999931e-02
1.907999999999999974e-03
1.304400000000000004e-02
3.223600000000000076e-02
