5.482800000000000173e-02
3.241999999999999743e-02
9.103999999999999246e-03
9.771999999999999437e-03
5.244000000000000397e-03
0.000000000000000000e+00
7.311999999999999923e-03
8.243999999999999592e-03
4.775999999999999863e-03
0.000000000000000000e+00
0.000000000000000000e+00
0.000000000000000000e+00
6.311999999999999902e-03
0.000000000000000000e+00
1.357599999999999953e-02
2.706799999999999831e-02
2.279199999999999976e-02
0.000000000000000000e+00
0.000000000000000000e+00
0.000000000000000000e+00
0.000000000000000000e+00
0.000000000000000000e+00
0.000000000000000000e+00
0.000000000000000000e+00
7.087999999999999683e-03
0.000000000000000000e+00
0.000000000000000000e+00
0.000000000000000000e+00
1.021999999999999992e-02
0.000000000000000000e+00
3.149600000000000316e-02
1.855199999999999905e-02
6.576000000000000248e-03
0.000000000000000000e+00
0.000000000000000000e+00
0.000000000000000000e+00
0.000000000000000000e+00
0.000000000000000000e+00
0.000000000000000000e+00
0.000000000000000000e+00
0.000000000000000000e+00
0.000000000000000000e+00
0.000000000000000000e+00
0.000000000000000000e+00
0.000000000000000000e+00
0.000000000000000000e+00
0.000000000000000000e+00
0.000000000000000000e+00
7.311999999999999923e-03
0.000000000000000000e+00
0.000000000000000000e+00
0.000000000000000000e+00
0.000000000000000000e+00
0.000000000000000000e+00
0.000000000000000000e+00
0.000000000000000000e+00
2.583999999999999925e-03
0.000000000000000000e+00
0.000000000000000000e+00
0.000000000000000000e+00
4.132000000000000256e-03
0.000000000000000000e+00
1.061199999999999991e-02
7.971999999999999920e-03
5.556000000000000175e-03
0.000000000000000000e+00
0.000000000000000000e+00
0.000000000000000000e+00
0.000000000000000000e+00
0.000000000000000000e+00
0.000000000000000000e+00
0.000000000000000000e+00
0.000000000000000000e+00
0.000000000000000000e+00
0.000000000000000000e+00
0.000000000000000000e+00
0.000000000000000000e+00
0.000000000000000000e+00
0.000000000000000000e+00
0.000000000000000000e+00
0.000000000000000000e+00
0.000000000000000000e+00
0.000000000000000000e+00
0.000000000000000000e+00
0.000000000000000000e+00
0.000000000000000000e+00
0.000000000000000000e+00
0.000000000000000000e+00
0.000000000000000000e+00
0.000000000000000000e+00
0.000000000000000000e+00
0.000000000000000000e+00
0.000000000000000000e+00
0.000000000000000000e+00
0.000000000000000000e+00
0.000000000000000000e+00
6.675999999999999643e-03
0.000000000000000000e+00
0.000000000000000000e+00
0.000000000000000000e+00
0.000000000000000000e+00
0.000000000000000000e+00
0.000000000000000000e+00
0.000000000000000000e+00
0.000000000000000000e+00
0.000000000000000000e+00
0.000000000000000000e+00
0.000000000000000000e+00
0.000000000000000000e+00
0.000000000000000000e+00
0.000000000000000000e+00
0.000000000000000000e+00
7.879999999999999852e-03
0.000000000000000000e+00
0.000000000000000000e+00
0.000000000000000000e+00
0.000000000000000000e+00
0.000000000000000000e+00
0.000000000000000000e+00
0.000000000000000000e+00
3.108000000000000086e-03
0.000000000000000000e+00
0.000000000000000000e+00
0.000000000000000000e+00
2.412000000000000081e-03
0.000000000000000000e+00
8.371999999999999234e-03
6.055999999999999751e-03
6.323999999999999760e-03
9.284000000000000585e-03
0.000000000000000000e+00
3.164000000000000146e-03
0.000000000000000000e+00
0.000000000000000000e+00
0.000000000000000000e+00
4.176000000000000024e-03
0.000000000000000000e+00
0.000000000000000000e+00
0.000000000000000000e+00
0.000000000000000000e+00
0.000000000000000000e+00
0.000000000000000000e+00
0.000000000000000000e+00
1.122000000000000081e-02
0.000000000000000000e+00
0.000000000000000000e+00
0.000000000000000000e+00
0.000000000000000000e+00
0.000000000000000000e+00
0.000000000000000000e+00
0.000000000000000000e+00
0.000000000000000000e+00
0.000000000000000000e+00
0.000000000000000000e+00
0.000000000000000000e+00
0.000000000000000000e+00
0.000000000000000000e+00
0.000000000000000000e+00
0.000000000000000000e+00
8.300000000000000086e-03
0.000000000000000000e+00
0.000000000000000000e+00
0.000000000000000000e+00
0.000000000000000000e+00
0.000000000000000000e+00
0.000000000000000000e+00
0.000000000000000000e+00
0.000000000000000000e+00
0.000000000000000000e+00
0.000000000000000000e+00
0.000000000000000000e+00
0.000000000000000000e+00
0.000000000000000000e+00
0.000000000000000000e+00
0.000000000000000000e+00
0.000000000000000000e+00
0.000000000000000000e+00
0.000000000000000000e+00
0.000000000000000000e+00
0.000000000000000000e+00
0.000000000000000000e+00
0.000000000000000000e+00
0.000000000000000000e+00
0.000000000000000000e+00
0.000000000000000000e+00
0.000000000000000000e+00
0.000000000000000000e+00
0.000000000000000000e+00
0.000000000000000000e+00
0.000000000000000000e+00
0.000000000000000000e+00
4.623999999999999638e-03
6.888000000000000025e-03
1.211600000000000003e-02
0.000000000000000000e+00
5.268000000000000113e-03
0.000000000000000000e+00
0.000000000000000000e+00
0.000000000000000000e+00
3.432000000000000155e-03
0.000000000000000000e+00
0.000000000000000000e+00
0.000000000000000000e+00
0.000000000000000000e+00
0.000000000000000000e+00
0.000000000000000000e+00
0.000000000000000000e+00
1.082800000000000082e-02
0.000000000000000000e+00
0.000000000000000000e+00
0.000000000000000000e+00
0.000000000000000000e+00
0.000000000000000000e+00
0.000000000000000000e+00
0.000000000000000000e+00
0.000000000000000000e+00
0.000000000000000000e+00
0.000000000000000000e+00
0.000000000000000000e+00
0.000000000000000000e+00
0.000000000000000000e+00
0.000000000000000000e+00
0.000000000000000000e+00
8.096000000000000765e-03
1.371999999999999956e-02
3.843200000000000088e-02
0.000000000000000000e+00
1.403199999999999933e-02
0.000000000000000000e+00
0.000000000000000000e+00
0.000000000000000000e+00
1.081599999999999923e-02
0.000000000000000000e+00
0.000000000000000000e+00
0.000000000000000000e+00
0.000000000000000000e+00
0.000000000000000000e+00
0.000000000000000000e+00
0.000000000000000000e+00
3.461999999999999800e-02
2.311600000000000113e-02
1.933599999999999902e-02
0.000000000000000000e+00
8.172000000000000444e-03
0.000000000000000000e+00
0.000000000000000000e+00
0.000000000000000000e+00
7.156000000000000034e-03
9.112000000000000308e-03
8.800000000000000530e-03
0.000000000000000000e+00
4.415999999999999787e-03
8.791999999999999468e-03
8.068000000000000518e-03
2.911199999999999899e-02
6.624399999999999733e-02
