4.311999999999999861e-02
1.148000000000000062e-02
5.683999999999999816e-03
9.351999999999999202e-03
1.186000000000000075e-02
0.000000000000000000e+00
8.847999999999999962e-03
1.404000000000000040e-02
5.308000000000000218e-03
0.000000000000000000e+00
0.000000000000000000e+00
0.000000000000000000e+00
8.864000000000000351e-03
0.000000000000000000e+00
9.400000000000000369e-03
1.622799999999999937e-02
1.175200000000000029e-02
0.000000000000000000e+00
0.000000000000000000e+00
0.000000000000000000e+00
0.000000000000000000e+00
0.000000000000000000e+00
0.000000000000000000e+00
0.000000000000000000e+00
8.812000000000000388e-03
0.000000000000000000e+00
0.000000000000000000e+00
0.000000000000000000e+00
1.610800000000000079e-02
0.000000000000000000e+00
1.783200000000000063e-02
1.248400000000000030e-02
5.263999999999999582e-03
0.000000000000000000e+00
0.000000000000000000e+00
0.000000000000000000e+00
0.000000000000000000e+00
0.000000000000000000e+00
0.000000000000000000e+00
0.000000000000000000e+00
0.000000000000000000e+00
0.000000000000000000e+00
0.000000000000000000e+00
0.000000000000000000e+00
0.000000000000000000e+00
0.000000000000000000e+00
0.000000000000000000e+00
0.000000000000000000e+00
9.320000000000000159e-03
0.000000000000000000e+00
0.000000000000000000e+00
0.000000000000000000e+00
0.000000000000000000e+00
0.000000000000000000e+00
0.000000000000000000e+00
0.000000000000000000e+00
9.428000000000000616e-03
0.000000000000000000e+00
0.000000000000000000e+00
0.000000000000000000e+00
1.807599999999999832e-02
0.000000000000000000e+00
1.650400000000000131e-02
1.096800000000000032e-02
1.145599999999999917e-02
0.000000000000000000e+00
0.000000000000000000e+00
0.000000000000000000e+00
0.000000000000000000e+00
0.000000000000000000e+00
0.000000000000000000e+00
0.000000000000000000e+00
0.000000000000000000e+00
0.000000000000000000e+00
0.000000000000000000e+00
0.000000000000000000e+00
0.000000000000000000e+00
0.000000000000000000e+00
0.000000000000000000e+00
0.000000000000000000e+00
0.000000000000000000e+00
0.000000000000000000e+00
0.000000000000000000e+00
0.000000000000000000e+00
0.000000000000000000e+00
0.000000000000000000e+00
0.000000000000000000e+00
0.000000000000000000e+00
0.000000000000000000e+00
0.000000000000000000e+00
0.000000000000000000e+00
0.000000000000000000e+00
0.000000000000000000e+00
0.000000000000000000e+00
0.000000000000000000e+00
0.000000000000000000e+00
9.627999999999999406e-03
0.000000000000000000e+00
0.000000000000000000e+00
0.000000000000000000e+00
0.000000000000000000e+00
0.000000000000000000e+00
0.000000000000000000e+00
0.000000000000000000e+00
0.000000000000000000e+00
0.000000000000000000e+00
0.000000000000000000e+00
0.000000000000000000e+00
0.000000000000000000e+00
0.000000000000000000e+00
0.000000000000000000e+00
0.000000000000000000e+00
1.408399999999999930e-02
0.000000000000000000e+00
0.000000000000000000e+00
0.000000000000000000e+00
0.000000000000000000e+00
0.000000000000000000e+00
0.000000000000000000e+00
0.000000000000000000e+00
1.546800000000000085e-02
0.000000000000000000e+00
0.000000000000000000e+00
0.000000000000000000e+00
1.219600000000000024e-02
0.000000000000000000e+00
1.074800000000000061e-02
7.992000000000000839e-03
5.087999999999999641e-03
8.959999999999999215e-03
0.000000000000000000e+00
9.551999999999999727e-03
0.000000000000000000e+00
0.000000000000000000e+00
0.000000000000000000e+00
1.462800000000000038e-02
0.000000000000000000e+00
0.000000000000000000e+00
0.000000000000000000e+00
0.000000000000000000e+00
0.000000000000000000e+00
0.000000000000000000e+00
0.000000000000000000e+00
1.441199999999999946e-02
0.000000000000000000e+00
0.000000000000000000e+00
0.000000000000000000e+00
0.000000000000000000e+00
0.000000000000000000e+00
0.000000000000000000e+00
0.000000000000000000e+00
0.000000000000000000e+00
0.000000000000000000e+00
0.000000000000000000e+00
0.000000000000000000e+00
0.000000000000000000e+00
0.000000000000000000e+00
0.000000000000000000e+00
0.000000000000000000e+00
1.040400000000000005e-02
0.000000000000000000e+00
0.000000000000000000e+00
0.000000000000000000e+00
0.000000000000000000e+00
0.000000000000000000e+00
0.000000000000000000e+00
0.000000000000000000e+00
0.000000000000000000e+00
0.000000000000000000e+00
0.000000000000000000e+00
0.000000000000000000e+00
0.000000000000000000e+00
0.000000000000000000e+00
0.000000000000000000e+00
0.000000000000000000e+00
0.000000000000000000e+00
0.000000000000000000e+00
0.000000000000000000e+00
0.000000000000000000e+00
0.000000000000000000e+00
0.000000000000000000e+00
0.000000000000000000e+00
0.000000000000000000e+00
0.000000000000000000e+00
0.000000000000000000e+00
0.000000000000000000e+00
0.000000000000000000e+00
0.000000000000000000e+00
0.000000000000000000e+00
0.000000000000000000e+00
0.000000000000000000e+00
1.290400000000000054e-02
8.292000000000000759e-03
1.731999999999999859e-02
0.000000000000000000e+00
1.697200000000000097e-02
0.000000000000000000e+00
0.000000000000000000e+00
0.000000000000000000e+00
1.099200000000000003e-02
0.000000000000000000e+00
0.000000000000000000e+00
0.000000000000000000e+00
0.000000000000000000e+00
0.000000000000000000e+00
0.000000000000000000e+00
0.000000000000000000e+00
1.039200000000000020e-02
0.000000000000000000e+00
0.000000000000000000e+00
0.000000000000000000e+00
0.000000000000000000e+00
0.000000000000000000e+00
0.000000000000000000e+00
0.000000000000000000e+00
0.000000000000000000e+00
0.000000000000000000e+00
0.000000000000000000e+00
0.000000000000000000e+00
0.000000000000000000e+00
0.000000000000000000e+00
0.000000000000000000e+00
0.000000000000000000e+00
8.052000000000000129e-03
9.783999999999999295e-03
1.947199999999999973e-02
0.000000000000000000e+00
1.592800000000000119e-02
0.000000000000000000e+00
0.000000000000000000e+00
0.000000000000000000e+00
1.144399999999999931e-02
0.000000000000000000e+00
0.000000000000000000e+00
0.000000000000000000e+00
0.000000000000000000e+00
0.000000000000000000e+00
0.000000000000000000e+00
0.000000000000000000e+00
1.502399999999999916e-02
1.637999999999999873e-02
1.303600000000000071e-02
0.000000000000000000e+00
1.081200000000000043e-02
0.000000000000000000e+00
0.000000000000000000e+00
0.000000000000000000e+00
7.860000000000000667e-03
1.426400000000000064e-02
1.187999999999999994e-02
0.000000000000000000e+00
1.379599999999999924e-02
1.116800000000000084e-02
8.907999999999999252e-03
1.503999999999999955e-02
6.578799999999999926e-02
