5.169599999999999890e-02
1.544000000000000060e-02
8.132000000000000339e-03
8.472000000000000364e-03
8.380000000000000296e-03
0.000000000000000000e+00
7.303999999999999729e-03
1.113199999999999953e-02
7.628000000000000232e-03
0.000000000000000000e+00
0.000000000000000000e+00
0.000000000000000000e+00
7.251999999999999766e-03
0.000000000000000000e+00
1.026799999999999935e-02
1.788800000000000112e-02
1.480799999999999998e-02
0.000000000000000000e+00
0.000000000000000000e+00
0.000000000000000000e+00
0.000000000000000000e+00
0.000000000000000000e+00
0.000000000000000000e+00
0.000000000000000000e+00
7.779999999999999589e-03
0.000000000000000000e+00
0.000000000000000000e+00
0.000000000000000000e+00
1.113600000000000007e-02
0.000000000000000000e+00
1.808799999999999991e-02
1.303600000000000071e-02
7.651999999999999948e-03
0.000000000000000000e+00
0.000000000000000000e+00
0.000000000000000000e+00
0.000000000000000000e+00
0.000000000000000000e+00
0.000000000000000000e+00
0.000000000000000000e+00
0.000000000000000000e+00
0.000000000000000000e+00
0.000000000000000000e+00
0.000000000000000000e+00
0.000000000000000000e+00
0.000000000000000000e+00
0.000000000000000000e+00
0.000000000000000000e+00
7.983999999999999778e-03
0.000000000000000000e+00
0.000000000000000000e+00
0.000000000000000000e+00
0.000000000000000000e+00
0.000000000000000000e+00
0.000000000000000000e+00
0.000000000000000000e+00
7.424000000000000044e-03
0.000000000000000000e+00
0.000000000000000000e+00
0.000000000000000000e+00
1.275599999999999998e-02
0.000000000000000000e+00
1.119599999999999936e-02
8.888000000000000067e-03
8.139999999999999666e-03
0.000000000000000000e+00
0.000000000000000000e+00
0.000000000000000000e+00
0.000000000000000000e+00
0.000000000000000000e+00
0.000000000000000000e+00
0.000000000000000000e+00
0.000000000000000000e+00
0.000000000000000000e+00
0.000000000000000000e+00
0.000000000000000000e+00
0.000000000000000000e+00
0.000000000000000000e+00
0.000000000000000000e+00
0.000000000000000000e+00
0.000000000000000000e+00
0.000000000000000000e+00
0.000000000000000000e+00
0.000000000000000000e+00
0.000000000000000000e+00
0.000000000000000000e+00
0.000000000000000000e+00
0.000000000000000000e+00
0.000000000000000000e+00
0.000000000000000000e+00
0.000000000000000000e+00
0.000000000000000000e+00
0.000000000000000000e+00
0.000000000000000000e+00
0.000000000000000000e+00
0.000000000000000000e+00
7.204000000000000334e-03
0.000000000000000000e+00
0.000000000000000000e+00
0.000000000000000000e+00
0.000000000000000000e+00
0.000000000000000000e+00
0.000000000000000000e+00
0.000000000000000000e+00
0.000000000000000000e+00
0.000000000000000000e+00
0.000000000000000000e+00
0.000000000000000000e+00
0.000000000000000000e+00
0.000000000000000000e+00
0.000000000000000000e+00
0.000000000000000000e+00
1.005999999999999950e-02
0.000000000000000000e+00
0.000000000000000000e+00
0.000000000000000000e+00
0.000000000000000000e+00
0.000000000000000000e+00
0.000000000000000000e+00
0.000000000000000000e+00
1.084000000000000068e-02
0.000000000000000000e+00
0.000000000000000000e+00
0.000000000000000000e+00
8.951999999999999888e-03
0.000000000000000000e+00
9.067999999999999672e-03
9.912000000000000671e-03
8.191999999999999629e-03
8.748000000000000567e-03
0.000000000000000000e+00
8.016000000000000555e-03
0.000000000000000000e+00
0.000000000000000000e+00
0.000000000000000000e+00
1.147600000000000009e-02
0.000000000000000000e+00
0.000000000000000000e+00
0.000000000000000000e+00
0.000000000000000000e+00
0.000000000000000000e+00
0.000000000000000000e+00
0.000000000000000000e+00
1.122800000000000013e-02
0.000000000000000000e+00
0.000000000000000000e+00
0.000000000000000000e+00
0.000000000000000000e+00
0.000000000000000000e+00
0.000000000000000000e+00
0.000000000000000000e+00
0.000000000000000000e+00
0.000000000000000000e+00
0.000000000000000000e+00
0.000000000000000000e+00
0.000000000000000000e+00
0.000000000000000000e+00
0.000000000000000000e+00
0.000000000000000000e+00
8.711999999999999258e-03
0.000000000000000000e+00
0.000000000000000000e+00
0.000000000000000000e+00
0.000000000000000000e+00
0.000000000000000000e+00
0.000000000000000000e+00
0.000000000000000000e+00
0.000000000000000000e+00
0.000000000000000000e+00
0.000000000000000000e+00
0.000000000000000000e+00
0.000000000000000000e+00
0.000000000000000000e+00
0.000000000000000000e+00
0.000000000000000000e+00
0.000000000000000000e+00
0.000000000000000000e+00
0.000000000000000000e+00
0.000000000000000000e+00
0.000000000000000000e+00
0.000000000000000000e+00
0.000000000000000000e+00
0.000000000000000000e+00
0.000000000000000000e+00
0.000000000000000000e+00
0.000000000000000000e+00
0.000000000000000000e+00
0.000000000000000000e+00
0.000000000000000000e+00
0.000000000000000000e+00
0.000000000000000000e+00
1.016000000000000063e-02
7.879999999999999852e-03
1.209999999999999964e-02
0.000000000000000000e+00
1.223999999999999914e-02
0.000000000000000000e+00
0.000000000000000000e+00
0.000000000000000000e+00
9.107999999999999777e-03
0.000000000000000000e+00
0.000000000000000000e+00
0.000000000000000000e+00
0.000000000000000000e+00
0.000000000000000000e+00
0.000000000000000000e+00
0.000000000000000000e+00
9.480000000000000579e-03
0.000000000000000000e+00
0.000000000000000000e+00
0.000000000000000000e+00
0.000000000000000000e+00
0.000000000000000000e+00
0.000000000000000000e+00
0.000000000000000000e+00
0.000000000000000000e+00
0.000000000000000000e+00
0.000000000000000000e+00
0.000000000000000000e+00
0.000000000000000000e+00
0.000000000000000000e+00
0.000000000000000000e+00
0.000000000000000000e+00
1.042399999999999924e-02
1.058399999999999966e-02
1.814800000000000094e-02
0.000000000000000000e+00
1.180400000000000026e-02
0.000000000000000000e+00
0.000000000000000000e+00
0.000000000000000000e+00
9.919999999999999998e-03
0.000000000000000000e+00
0.000000000000000000e+00
0.000000000000000000e+00
0.000000000000000000e+00
0.000000000000000000e+00
0.000000000000000000e+00
0.000000000000000000e+00
1.788800000000000112e-02
1.812799999999999828e-02
1.326800000000000028e-02
0.000000000000000000e+00
9.419999999999999554e-03
0.000000000000000000e+00
0.000000000000000000e+00
0.000000000000000000e+00
1.028399999999999974e-02
1.058399999999999966e-02
8.907999999999999252e-03
0.000000000000000000e+00
1.031199999999999999e-02
9.088000000000000592e-03
1.003599999999999978e-02
1.735199999999999937e-02
7.003199999999999703e-02
