5.987599999999999867e-02
1.220399999999999957e-02
8.096000000000000765e-03
8.279999999999999166e-03
1.389199999999999983e-02
0.000000000000000000e+00
8.279999999999999166e-03
9.976000000000000492e-03
7.760000000000000404e-03
0.000000000000000000e+00
0.000000000000000000e+00
0.000000000000000000e+00
7.915999999999999426e-03
0.000000000000000000e+00
7.672000000000000000e-03
1.038399999999999913e-02
1.200400000000000078e-02
0.000000000000000000e+00
0.000000000000000000e+00
0.000000000000000000e+00
0.000000000000000000e+00
0.000000000000000000e+00
0.000000000000000000e+00
0.000000000000000000e+00
8.092000000000000234e-03
0.000000000000000000e+00
0.000000000000000000e+00
0.000000000000000000e+00
1.160800000000000026e-02
0.000000000000000000e+00
1.219199999999999971e-02
9.287999999999999381e-03
8.255999999999999450e-03
0.000000000000000000e+00
0.000000000000000000e+00
0.000000000000000000e+00
0.000000000000000000e+00
0.000000000000000000e+00
0.000000000000000000e+00
0.000000000000000000e+00
0.000000000000000000e+00
0.000000000000000000e+00
0.000000000000000000e+00
0.000000000000000000e+00
0.000000000000000000e+00
0.000000000000000000e+00
0.000000000000000000e+00
0.000000000000000000e+00
8.144000000000000197e-03
0.000000000000000000e+00
0.000000000000000000e+00
0.000000000000000000e+00
0.000000000000000000e+00
0.000000000000000000e+00
0.000000000000000000e+00
0.000000000000000000e+00
7.875999999999999321e-03
0.000000000000000000e+00
0.000000000000000000e+00
0.000000000000000000e+00
1.225599999999999953e-02
0.000000000000000000e+00
1.141600000000000080e-02
9.372000000000000122e-03
1.322399999999999964e-02
0.000000000000000000e+00
0.000000000000000000e+00
0.000000000000000000e+00
0.000000000000000000e+00
0.000000000000000000e+00
0.000000000000000000e+00
0.000000000000000000e+00
0.000000000000000000e+00
0.000000000000000000e+00
0.000000000000000000e+00
0.000000000000000000e+00
0.000000000000000000e+00
0.000000000000000000e+00
0.000000000000000000e+00
0.000000000000000000e+00
0.000000000000000000e+00
0.000000000000000000e+00
0.000000000000000000e+00
0.000000000000000000e+00
0.000000000000000000e+00
0.000000000000000000e+00
0.000000000000000000e+00
0.000000000000000000e+00
0.000000000000000000e+00
0.000000000000000000e+00
0.000000000000000000e+00
0.000000000000000000e+00
0.000000000000000000e+00
0.000000000000000000e+00
0.000000000000000000e+00
0.000000000000000000e+00
8.567999999999999228e-03
0.000000000000000000e+00
0.000000000000000000e+00
0.000000000000000000e+00
0.000000000000000000e+00
0.000000000000000000e+00
0.000000000000000000e+00
0.000000000000000000e+00
0.000000000000000000e+00
0.000000000000000000e+00
0.000000000000000000e+00
0.000000000000000000e+00
0.000000000000000000e+00
0.000000000000000000e+00
0.000000000000000000e+00
0.000000000000000000e+00
9.943999999999999714e-03
0.000000000000000000e+00
0.000000000000000000e+00
0.000000000000000000e+00
0.000000000000000000e+00
0.000000000000000000e+00
0.000000000000000000e+00
0.000000000000000000e+00
1.118000000000000070e-02
0.000000000000000000e+00
0.000000000000000000e+00
0.000000000000000000e+00
9.015999999999999709e-03
0.000000000000000000e+00
9.020000000000000240e-03
1.047999999999999973e-02
7.383999999999999939e-03
8.104000000000000092e-03
0.000000000000000000e+00
7.908000000000000099e-03
0.000000000000000000e+00
0.000000000000000000e+00
0.000000000000000000e+00
1.077200000000000032e-02
0.000000000000000000e+00
0.000000000000000000e+00
0.000000000000000000e+00
0.000000000000000000e+00
0.000000000000000000e+00
0.000000000000000000e+00
0.000000000000000000e+00
9.991999999999999146e-03
0.000000000000000000e+00
0.000000000000000000e+00
0.000000000000000000e+00
0.000000000000000000e+00
0.000000000000000000e+00
0.000000000000000000e+00
0.000000000000000000e+00
0.000000000000000000e+00
0.000000000000000000e+00
0.000000000000000000e+00
0.000000000000000000e+00
0.000000000000000000e+00
0.000000000000000000e+00
0.000000000000000000e+00
0.000000000000000000e+00
9.476000000000000048e-03
0.000000000000000000e+00
0.000000000000000000e+00
0.000000000000000000e+00
0.000000000000000000e+00
0.000000000000000000e+00
0.000000000000000000e+00
0.000000000000000000e+00
0.000000000000000000e+00
0.000000000000000000e+00
0.000000000000000000e+00
0.000000000000000000e+00
0.000000000000000000e+00
0.000000000000000000e+00
0.000000000000000000e+00
0.000000000000000000e+00
0.000000000000000000e+00
0.000000000000000000e+00
0.000000000000000000e+00
0.000000000000000000e+00
0.000000000000000000e+00
0.000000000000000000e+00
0.000000000000000000e+00
0.000000000000000000e+00
0.000000000000000000e+00
0.000000000000000000e+00
0.000000000000000000e+00
0.000000000000000000e+00
0.000000000000000000e+00
0.000000000000000000e+00
0.000000000000000000e+00
0.000000000000000000e+00
1.375200000000000033e-02
7.703999999999999911e-03
1.165599999999999969e-02
0.000000000000000000e+00
1.188400000000000047e-02
0.000000000000000000e+00
0.000000000000000000e+00
0.000000000000000000e+00
8.408000000000000543e-03
0.000000000000000000e+00
0.000000000000000000e+00
0.000000000000000000e+00
0.000000000000000000e+00
0.000000000000000000e+00
0.000000000000000000e+00
0.000000000000000000e+00
9.116000000000000839e-03
0.000000000000000000e+00
0.000000000000000000e+00
0.000000000000000000e+00
0.000000000000000000e+00
0.000000000000000000e+00
0.000000000000000000e+00
0.000000000000000000e+00
0.000000000000000000e+00
0.000000000000000000e+00
0.000000000000000000e+00
0.000000000000000000e+00
0.000000000000000000e+00
0.000000000000000000e+00
0.000000000000000000e+00
0.000000000000000000e+00
1.058800000000000019e-02
7.695999999999999716e-03
1.259599999999999956e-02
0.000000000000000000e+00
1.080000000000000057e-02
0.000000000000000000e+00
0.000000000000000000e+00
0.000000000000000000e+00
9.655999999999999653e-03
0.000000000000000000e+00
0.000000000000000000e+00
0.000000000000000000e+00
0.000000000000000000e+00
0.000000000000000000e+00
0.000000000000000000e+00
0.000000000000000000e+00
1.485599999999999941e-02
1.039600000000000073e-02
9.152000000000000413e-03
0.000000000000000000e+00
9.195999999999999314e-03
0.000000000000000000e+00
0.000000000000000000e+00
0.000000000000000000e+00
1.009200000000000028e-02
9.879999999999999893e-03
9.603999999999999690e-03
0.000000000000000000e+00
1.413999999999999979e-02
9.003999999999999851e-03
1.103999999999999947e-02
1.491999999999999924e-02
7.630399999999999683e-02
