5.259999999999999919e-03
4.931999999999999752e-03
8.399999999999999535e-05
3.971999999999999836e-03
4.815999999999999968e-03
0.000000000000000000e+00
3.504000000000000170e-03
1.888400000000000148e-02
8.399999999999999535e-05
0.000000000000000000e+00
0.000000000000000000e+00
0.000000000000000000e+00
3.160000000000000048e-03
0.000000000000000000e+00
7.251999999999999766e-03
4.505200000000000177e-02
4.755999999999999811e-03
0.000000000000000000e+00
0.000000000000000000e+00
0.000000000000000000e+00
0.000000000000000000e+00
0.000000000000000000e+00
0.000000000000000000e+00
0.000000000000000000e+00
3.480000000000000020e-03
0.000000000000000000e+00
0.000000000000000000e+00
0.000000000000000000e+00
1.835200000000000026e-02
0.000000000000000000e+00
4.390800000000000258e-02
3.468399999999999955e-02
8.000000000000000654e-05
0.000000000000000000e+00
0.000000000000000000e+00
0.000000000000000000e+00
0.000000000000000000e+00
0.000000000000000000e+00
0.000000000000000000e+00
0.000000000000000000e+00
0.000000000000000000e+00
0.000000000000000000e+00
0.000000000000000000e+00
0.000000000000000000e+00
0.000000000000000000e+00
0.000000000000000000e+00
0.000000000000000000e+00
0.000000000000000000e+00
3.520000000000000125e-03
0.000000000000000000e+00
0.000000000000000000e+00
0.000000000000000000e+00
0.000000000000000000e+00
0.000000000000000000e+00
0.000000000000000000e+00
0.000000000000000000e+00
7.216000000000000192e-03
0.000000000000000000e+00
0.000000000000000000e+00
0.000000000000000000e+00
4.124799999999999994e-02
0.000000000000000000e+00
3.132800000000000168e-02
1.013599999999999918e-02
4.691999999999999990e-03
0.000000000000000000e+00
0.000000000000000000e+00
0.000000000000000000e+00
0.000000000000000000e+00
0.000000000000000000e+00
0.000000000000000000e+00
0.000000000000000000e+00
0.000000000000000000e+00
0.000000000000000000e+00
0.000000000000000000e+00
0.000000000000000000e+00
0.000000000000000000e+00
0.000000000000000000e+00
0.000000000000000000e+00
0.000000000000000000e+00
0.000000000000000000e+00
0.000000000000000000e+00
0.000000000000000000e+00
0.000000000000000000e+00
0.000000000000000000e+00
0.000000000000000000e+00
0.000000000000000000e+00
0.000000000000000000e+00
0.000000000000000000e+00
0.000000000000000000e+00
0.000000000000000000e+00
0.000000000000000000e+00
0.000000000000000000e+00
0.000000000000000000e+00
0.000000000000000000e+00
0.000000000000000000e+00
3.099999999999999891e-03
0.000000000000000000e+00
0.000000000000000000e+00
0.000000000000000000e+00
0.000000000000000000e+00
0.000000000000000000e+00
0.000000000000000000e+00
0.000000000000000000e+00
0.000000000000000000e+00
0.000000000000000000e+00
0.000000000000000000e+00
0.000000000000000000e+00
0.000000000000000000e+00
0.000000000000000000e+00
0.000000000000000000e+00
0.000000000000000000e+00
1.862000000000000113e-02
0.000000000000000000e+00
0.000000000000000000e+00
0.000000000000000000e+00
0.000000000000000000e+00
0.000000000000000000e+00
0.000000000000000000e+00
0.000000000000000000e+00
4.444399999999999740e-02
0.000000000000000000e+00
0.000000000000000000e+00
0.000000000000000000e+00
3.502399999999999958e-02
0.000000000000000000e+00
1.082400000000000029e-02
3.919999999999999873e-03
9.200000000000000007e-05
3.523999999999999789e-03
0.000000000000000000e+00
7.767999999999999731e-03
0.000000000000000000e+00
0.000000000000000000e+00
0.000000000000000000e+00
4.690400000000000125e-02
0.000000000000000000e+00
0.000000000000000000e+00
0.000000000000000000e+00
0.000000000000000000e+00
0.000000000000000000e+00
0.000000000000000000e+00
0.000000000000000000e+00
3.428400000000000197e-02
0.000000000000000000e+00
0.000000000000000000e+00
0.000000000000000000e+00
0.000000000000000000e+00
0.000000000000000000e+00
0.000000000000000000e+00
0.000000000000000000e+00
0.000000000000000000e+00
0.000000000000000000e+00
0.000000000000000000e+00
0.000000000000000000e+00
0.000000000000000000e+00
0.000000000000000000e+00
0.000000000000000000e+00
0.000000000000000000e+00
1.065999999999999934e-02
0.000000000000000000e+00
0.000000000000000000e+00
0.000000000000000000e+00
0.000000000000000000e+00
0.000000000000000000e+00
0.000000000000000000e+00
0.000000000000000000e+00
0.000000000000000000e+00
0.000000000000000000e+00
0.000000000000000000e+00
0.000000000000000000e+00
0.000000000000000000e+00
0.000000000000000000e+00
0.000000000000000000e+00
0.000000000000000000e+00
0.000000000000000000e+00
0.000000000000000000e+00
0.000000000000000000e+00
0.000000000000000000e+00
0.000000000000000000e+00
0.000000000000000000e+00
0.000000000000000000e+00
0.000000000000000000e+00
0.000000000000000000e+00
0.000000000000000000e+00
0.000000000000000000e+00
0.000000000000000000e+00
0.000000000000000000e+00
0.000000000000000000e+00
0.000000000000000000e+00
0.000000000000000000e+00
7.115999999999999930e-03
3.191999999999999959e-03
1.861200000000000007e-02
0.000000000000000000e+00
4.681199999999999944e-02
0.000000000000000000e+00
0.000000000000000000e+00
0.000000000000000000e+00
3.806400000000000061e-02
0.000000000000000000e+00
0.000000000000000000e+00
0.000000000000000000e+00
0.000000000000000000e+00
0.000000000000000000e+00
0.000000000000000000e+00
0.000000000000000000e+00
1.187200000000000061e-02
0.000000000000000000e+00
0.000000000000000000e+00
0.000000000000000000e+00
0.000000000000000000e+00
0.000000000000000000e+00
0.000000000000000000e+00
0.000000000000000000e+00
0.000000000000000000e+00
0.000000000000000000e+00
0.000000000000000000e+00
0.000000000000000000e+00
0.000000000000000000e+00
0.000000000000000000e+00
0.000000000000000000e+00
0.000000000000000000e+00
4.455999999999999892e-03
7.476000000000000006e-03
4.528000000000000080e-02
0.000000000000000000e+00
3.292799999999999894e-02
0.000000000000000000e+00
0.000000000000000000e+00
0.000000000000000000e+00
1.158400000000000055e-02
0.000000000000000000e+00
0.000000000000000000e+00
0.000000000000000000e+00
0.000000000000000000e+00
0.000000000000000000e+00
0.000000000000000000e+00
0.000000000000000000e+00
8.123999999999999277e-03
4.358399999999999774e-02
3.285600000000000326e-02
0.000000000000000000e+00
1.035200000000000009e-02
0.000000000000000000e+00
0.000000000000000000e+00
0.000000000000000000e+00
3.851999999999999955e-03
3.225200000000000289e-02
1.072799999999999969e-02
0.000000000000000000e+00
7.427999999999999707e-03
1.068799999999999958e-02
4.083999999999999957e-03
7.744000000000000015e-03
3.519599999999999812e-02
