4.408399999999999819e-02
9.771999999999999437e-03
1.019199999999999967e-02
6.263999999999999603e-03
1.044800000000000069e-02
0.000000000000000000e+00
6.571999999999999717e-03
9.636000000000000468e-03
7.915999999999999426e-03
0.000000000000000000e+00
0.000000000000000000e+00
0.000000000000000000e+00
5.804000000000000131e-03
0.000000000000000000e+00
1.026799999999999935e-02
2.050799999999999845e-02
9.499999999999999764e-03
0.000000000000000000e+00
0.000000000000000000e+00
0.000000000000000000e+00
0.000000000000000000e+00
0.000000000000000000e+00
0.000000000000000000e+00
0.000000000000000000e+00
5.720000000000000258e-03
0.000000000000000000e+00
0.000000000000000000e+00
0.000000000000000000e+00
1.079199999999999951e-02
0.000000000000000000e+00
2.282000000000000001e-02
1.561199999999999914e-02
1.004799999999999964e-02
0.000000000000000000e+00
0.000000000000000000e+00
0.000000000000000000e+00
0.000000000000000000e+00
0.000000000000000000e+00
0.000000000000000000e+00
0.000000000000000000e+00
0.000000000000000000e+00
0.000000000000000000e+00
0.000000000000000000e+00
0.000000000000000000e+00
0.000000000000000000e+00
0.000000000000000000e+00
0.000000000000000000e+00
0.000000000000000000e+00
6.400000000000000307e-03
0.000000000000000000e+00
0.000000000000000000e+00
0.000000000000000000e+00
0.000000000000000000e+00
0.000000000000000000e+00
0.000000000000000000e+00
0.000000000000000000e+00
8.744000000000000036e-03
0.000000000000000000e+00
0.000000000000000000e+00
0.000000000000000000e+00
2.128000000000000030e-02
0.000000000000000000e+00
1.260000000000000009e-02
8.583999999999999617e-03
1.085999999999999986e-02
0.000000000000000000e+00
0.000000000000000000e+00
0.000000000000000000e+00
0.000000000000000000e+00
0.000000000000000000e+00
0.000000000000000000e+00
0.000000000000000000e+00
0.000000000000000000e+00
0.000000000000000000e+00
0.000000000000000000e+00
0.000000000000000000e+00
0.000000000000000000e+00
0.000000000000000000e+00
0.000000000000000000e+00
0.000000000000000000e+00
0.000000000000000000e+00
0.000000000000000000e+00
0.000000000000000000e+00
0.000000000000000000e+00
0.000000000000000000e+00
0.000000000000000000e+00
0.000000000000000000e+00
0.000000000000000000e+00
0.000000000000000000e+00
0.000000000000000000e+00
0.000000000000000000e+00
0.000000000000000000e+00
0.000000000000000000e+00
0.000000000000000000e+00
0.000000000000000000e+00
0.000000000000000000e+00
6.888000000000000025e-03
0.000000000000000000e+00
0.000000000000000000e+00
0.000000000000000000e+00
0.000000000000000000e+00
0.000000000000000000e+00
0.000000000000000000e+00
0.000000000000000000e+00
0.000000000000000000e+00
0.000000000000000000e+00
0.000000000000000000e+00
0.000000000000000000e+00
0.000000000000000000e+00
0.000000000000000000e+00
0.000000000000000000e+00
0.000000000000000000e+00
1.041599999999999991e-02
0.000000000000000000e+00
0.000000000000000000e+00
0.000000000000000000e+00
0.000000000000000000e+00
0.000000000000000000e+00
0.000000000000000000e+00
0.000000000000000000e+00
1.779999999999999985e-02
0.000000000000000000e+00
0.000000000000000000e+00
0.000000000000000000e+00
1.348399999999999946e-02
0.000000000000000000e+00
7.755999999999999873e-03
9.667999999999999511e-03
7.767999999999999731e-03
5.452000000000000249e-03
0.000000000000000000e+00
8.531999999999999654e-03
0.000000000000000000e+00
0.000000000000000000e+00
0.000000000000000000e+00
1.692799999999999860e-02
0.000000000000000000e+00
0.000000000000000000e+00
0.000000000000000000e+00
0.000000000000000000e+00
0.000000000000000000e+00
0.000000000000000000e+00
0.000000000000000000e+00
1.100399999999999989e-02
0.000000000000000000e+00
0.000000000000000000e+00
0.000000000000000000e+00
0.000000000000000000e+00
0.000000000000000000e+00
0.000000000000000000e+00
0.000000000000000000e+00
0.000000000000000000e+00
0.000000000000000000e+00
0.000000000000000000e+00
0.000000000000000000e+00
0.000000000000000000e+00
0.000000000000000000e+00
0.000000000000000000e+00
0.000000000000000000e+00
8.567999999999999228e-03
0.000000000000000000e+00
0.000000000000000000e+00
0.000000000000000000e+00
0.000000000000000000e+00
0.000000000000000000e+00
0.000000000000000000e+00
0.000000000000000000e+00
0.000000000000000000e+00
0.000000000000000000e+00
0.000000000000000000e+00
0.000000000000000000e+00
0.000000000000000000e+00
0.000000000000000000e+00
0.000000000000000000e+00
0.000000000000000000e+00
0.000000000000000000e+00
0.000000000000000000e+00
0.000000000000000000e+00
0.000000000000000000e+00
0.000000000000000000e+00
0.000000000000000000e+00
0.000000000000000000e+00
0.000000000000000000e+00
0.000000000000000000e+00
0.000000000000000000e+00
0.000000000000000000e+00
0.000000000000000000e+00
0.000000000000000000e+00
0.000000000000000000e+00
0.000000000000000000e+00
0.000000000000000000e+00
1.234000000000000027e-02
6.043999999999999893e-03
1.027999999999999921e-02
0.000000000000000000e+00
2.061599999999999891e-02
0.000000000000000000e+00
0.000000000000000000e+00
0.000000000000000000e+00
1.276399999999999930e-02
0.000000000000000000e+00
0.000000000000000000e+00
0.000000000000000000e+00
0.000000000000000000e+00
0.000000000000000000e+00
0.000000000000000000e+00
0.000000000000000000e+00
8.384000000000000827e-03
0.000000000000000000e+00
0.000000000000000000e+00
0.000000000000000000e+00
0.000000000000000000e+00
0.000000000000000000e+00
0.000000000000000000e+00
0.000000000000000000e+00
0.000000000000000000e+00
0.000000000000000000e+00
0.000000000000000000e+00
0.000000000000000000e+00
0.000000000000000000e+00
0.000000000000000000e+00
0.000000000000000000e+00
0.000000000000000000e+00
1.195200000000000082e-02
1.009600000000000081e-02
2.122800000000000034e-02
0.000000000000000000e+00
1.151199999999999966e-02
0.000000000000000000e+00
0.000000000000000000e+00
0.000000000000000000e+00
7.487999999999999864e-03
0.000000000000000000e+00
0.000000000000000000e+00
0.000000000000000000e+00
0.000000000000000000e+00
0.000000000000000000e+00
0.000000000000000000e+00
0.000000000000000000e+00
1.145999999999999970e-02
2.223599999999999882e-02
1.543600000000000007e-02
0.000000000000000000e+00
7.807999999999999836e-03
0.000000000000000000e+00
0.000000000000000000e+00
0.000000000000000000e+00
9.636000000000000468e-03
1.225599999999999953e-02
8.815999999999999184e-03
0.000000000000000000e+00
1.255999999999999998e-02
8.219999999999999876e-03
1.193600000000000043e-02
1.150400000000000034e-02
6.556399999999999728e-02
