5.206800000000000317e-02
1.339199999999999939e-02
7.823999999999999358e-03
8.248000000000000123e-03
9.820000000000000603e-03
0.000000000000000000e+00
7.943999999999999673e-03
1.106399999999999918e-02
7.236000000000000244e-03
0.000000000000000000e+00
0.000000000000000000e+00
0.000000000000000000e+00
7.856000000000000136e-03
0.000000000000000000e+00
1.020399999999999953e-02
1.685999999999999999e-02
1.272399999999999920e-02
0.000000000000000000e+00
0.000000000000000000e+00
0.000000000000000000e+00
0.000000000000000000e+00
0.000000000000000000e+00
0.000000000000000000e+00
0.000000000000000000e+00
7.544000000000000358e-03
0.000000000000000000e+00
0.000000000000000000e+00
0.000000000000000000e+00
1.224399999999999968e-02
0.000000000000000000e+00
1.710400000000000115e-02
1.127599999999999957e-02
7.863999999999999463e-03
0.000000000000000000e+00
0.000000000000000000e+00
0.000000000000000000e+00
0.000000000000000000e+00
0.000000000000000000e+00
0.000000000000000000e+00
0.000000000000000000e+00
0.000000000000000000e+00
0.000000000000000000e+00
0.000000000000000000e+00
0.000000000000000000e+00
0.000000000000000000e+00
0.000000000000000000e+00
0.000000000000000000e+00
0.000000000000000000e+00
8.028000000000000413e-03
0.000000000000000000e+00
0.000000000000000000e+00
0.000000000000000000e+00
0.000000000000000000e+00
0.000000000000000000e+00
0.000000000000000000e+00
0.000000000000000000e+00
8.319999999999999271e-03
0.000000000000000000e+00
0.000000000000000000e+00
0.000000000000000000e+00
1.394800000000000033e-02
0.000000000000000000e+00
1.176800000000000068e-02
8.815999999999999184e-03
1.019600000000000020e-02
0.000000000000000000e+00
0.000000000000000000e+00
0.000000000000000000e+00
0.000000000000000000e+00
0.000000000000000000e+00
0.000000000000000000e+00
0.000000000000000000e+00
0.000000000000000000e+00
0.000000000000000000e+00
0.000000000000000000e+00
0.000000000000000000e+00
0.000000000000000000e+00
0.000000000000000000e+00
0.000000000000000000e+00
0.000000000000000000e+00
0.000000000000000000e+00
0.000000000000000000e+00
0.000000000000000000e+00
0.000000000000000000e+00
0.000000000000000000e+00
0.000000000000000000e+00
0.000000000000000000e+00
0.000000000000000000e+00
0.000000000000000000e+00
0.000000000000000000e+00
0.000000000000000000e+00
0.000000000000000000e+00
0.000000000000000000e+00
0.000000000000000000e+00
0.000000000000000000e+00
0.000000000000000000e+00
8.252000000000000654e-03
0.000000000000000000e+00
0.000000000000000000e+00
0.000000000000000000e+00
0.000000000000000000e+00
0.000000000000000000e+00
0.000000000000000000e+00
0.000000000000000000e+00
0.000000000000000000e+00
0.000000000000000000e+00
0.000000000000000000e+00
0.000000000000000000e+00
0.000000000000000000e+00
0.000000000000000000e+00
0.000000000000000000e+00
0.000000000000000000e+00
1.100399999999999989e-02
0.000000000000000000e+00
0.000000000000000000e+00
0.000000000000000000e+00
0.000000000000000000e+00
0.000000000000000000e+00
0.000000000000000000e+00
0.000000000000000000e+00
1.182799999999999997e-02
0.000000000000000000e+00
0.000000000000000000e+00
0.000000000000000000e+00
9.168000000000000801e-03
0.000000000000000000e+00
8.935999999999999499e-03
9.199999999999999845e-03
8.167999999999999913e-03
8.987999999999999462e-03
0.000000000000000000e+00
8.692000000000000073e-03
0.000000000000000000e+00
0.000000000000000000e+00
0.000000000000000000e+00
1.300399999999999993e-02
0.000000000000000000e+00
0.000000000000000000e+00
0.000000000000000000e+00
0.000000000000000000e+00
0.000000000000000000e+00
0.000000000000000000e+00
0.000000000000000000e+00
1.091199999999999982e-02
0.000000000000000000e+00
0.000000000000000000e+00
0.000000000000000000e+00
0.000000000000000000e+00
0.000000000000000000e+00
0.000000000000000000e+00
0.000000000000000000e+00
0.000000000000000000e+00
0.000000000000000000e+00
0.000000000000000000e+00
0.000000000000000000e+00
0.000000000000000000e+00
0.000000000000000000e+00
0.000000000000000000e+00
0.000000000000000000e+00
8.748000000000000567e-03
0.000000000000000000e+00
0.000000000000000000e+00
0.000000000000000000e+00
0.000000000000000000e+00
0.000000000000000000e+00
0.000000000000000000e+00
0.000000000000000000e+00
0.000000000000000000e+00
0.000000000000000000e+00
0.000000000000000000e+00
0.000000000000000000e+00
0.000000000000000000e+00
0.000000000000000000e+00
0.000000000000000000e+00
0.000000000000000000e+00
0.000000000000000000e+00
0.000000000000000000e+00
0.000000000000000000e+00
0.000000000000000000e+00
0.000000000000000000e+00
0.000000000000000000e+00
0.000000000000000000e+00
0.000000000000000000e+00
0.000000000000000000e+00
0.000000000000000000e+00
0.000000000000000000e+00
0.000000000000000000e+00
0.000000000000000000e+00
0.000000000000000000e+00
0.000000000000000000e+00
0.000000000000000000e+00
1.145599999999999917e-02
8.715999999999999789e-03
1.286400000000000043e-02
0.000000000000000000e+00
1.405600000000000079e-02
0.000000000000000000e+00
0.000000000000000000e+00
0.000000000000000000e+00
1.019199999999999967e-02
0.000000000000000000e+00
0.000000000000000000e+00
0.000000000000000000e+00
0.000000000000000000e+00
0.000000000000000000e+00
0.000000000000000000e+00
0.000000000000000000e+00
9.211999999999999703e-03
0.000000000000000000e+00
0.000000000000000000e+00
0.000000000000000000e+00
0.000000000000000000e+00
0.000000000000000000e+00
0.000000000000000000e+00
0.000000000000000000e+00
0.000000000000000000e+00
0.000000000000000000e+00
0.000000000000000000e+00
0.000000000000000000e+00
0.000000000000000000e+00
0.000000000000000000e+00
0.000000000000000000e+00
0.000000000000000000e+00
9.775999999999999968e-03
1.080000000000000057e-02
1.771599999999999911e-02
0.000000000000000000e+00
1.299600000000000061e-02
0.000000000000000000e+00
0.000000000000000000e+00
0.000000000000000000e+00
9.863999999999999505e-03
0.000000000000000000e+00
0.000000000000000000e+00
0.000000000000000000e+00
0.000000000000000000e+00
0.000000000000000000e+00
0.000000000000000000e+00
0.000000000000000000e+00
1.533200000000000014e-02
1.655999999999999833e-02
1.257600000000000037e-02
0.000000000000000000e+00
1.000799999999999954e-02
0.000000000000000000e+00
0.000000000000000000e+00
0.000000000000000000e+00
1.055200000000000062e-02
1.078800000000000071e-02
9.535999999999999338e-03
0.000000000000000000e+00
1.253199999999999974e-02
9.764000000000000110e-03
1.023199999999999978e-02
1.469999999999999953e-02
6.861599999999999644e-02
