4.974399999999999655e-02
1.110399999999999929e-02
7.755999999999999873e-03
8.224000000000000407e-03
1.099999999999999936e-02
0.000000000000000000e+00
8.028000000000000413e-03
1.170799999999999966e-02
7.784000000000000120e-03
0.000000000000000000e+00
0.000000000000000000e+00
0.000000000000000000e+00
7.851999999999999605e-03
0.000000000000000000e+00
8.883999999999999536e-03
1.489200000000000072e-02
1.085599999999999933e-02
0.000000000000000000e+00
0.000000000000000000e+00
0.000000000000000000e+00
0.000000000000000000e+00
0.000000000000000000e+00
0.000000000000000000e+00
0.000000000000000000e+00
7.415999999999999849e-03
0.000000000000000000e+00
0.000000000000000000e+00
0.000000000000000000e+00
1.128400000000000063e-02
0.000000000000000000e+00
1.405200000000000025e-02
1.163999999999999931e-02
7.740000000000000352e-03
0.000000000000000000e+00
0.000000000000000000e+00
0.000000000000000000e+00
0.000000000000000000e+00
0.000000000000000000e+00
0.000000000000000000e+00
0.000000000000000000e+00
0.000000000000000000e+00
0.000000000000000000e+00
0.000000000000000000e+00
0.000000000000000000e+00
0.000000000000000000e+00
0.000000000000000000e+00
0.000000000000000000e+00
0.000000000000000000e+00
7.455999999999999954e-03
0.000000000000000000e+00
0.000000000000000000e+00
0.000000000000000000e+00
0.000000000000000000e+00
0.000000000000000000e+00
0.000000000000000000e+00
0.000000000000000000e+00
9.024000000000000771e-03
0.000000000000000000e+00
0.000000000000000000e+00
0.000000000000000000e+00
1.569999999999999868e-02
0.000000000000000000e+00
1.133999999999999939e-02
8.972000000000000808e-03
1.102400000000000081e-02
0.000000000000000000e+00
0.000000000000000000e+00
0.000000000000000000e+00
0.000000000000000000e+00
0.000000000000000000e+00
0.000000000000000000e+00
0.000000000000000000e+00
0.000000000000000000e+00
0.000000000000000000e+00
0.000000000000000000e+00
0.000000000000000000e+00
0.000000000000000000e+00
0.000000000000000000e+00
0.000000000000000000e+00
0.000000000000000000e+00
0.000000000000000000e+00
0.000000000000000000e+00
0.000000000000000000e+00
0.000000000000000000e+00
0.000000000000000000e+00
0.000000000000000000e+00
0.000000000000000000e+00
0.000000000000000000e+00
0.000000000000000000e+00
0.000000000000000000e+00
0.000000000000000000e+00
0.000000000000000000e+00
0.000000000000000000e+00
0.000000000000000000e+00
0.000000000000000000e+00
0.000000000000000000e+00
7.571999999999999738e-03
0.000000000000000000e+00
0.000000000000000000e+00
0.000000000000000000e+00
0.000000000000000000e+00
0.000000000000000000e+00
0.000000000000000000e+00
0.000000000000000000e+00
0.000000000000000000e+00
0.000000000000000000e+00
0.000000000000000000e+00
0.000000000000000000e+00
0.000000000000000000e+00
0.000000000000000000e+00
0.000000000000000000e+00
0.000000000000000000e+00
1.110399999999999929e-02
0.000000000000000000e+00
0.000000000000000000e+00
0.000000000000000000e+00
0.000000000000000000e+00
0.000000000000000000e+00
0.000000000000000000e+00
0.000000000000000000e+00
1.590000000000000094e-02
0.000000000000000000e+00
0.000000000000000000e+00
0.000000000000000000e+00
1.135599999999999977e-02
0.000000000000000000e+00
9.272000000000000727e-03
1.010800000000000066e-02
7.764000000000000068e-03
8.323999999999999802e-03
0.000000000000000000e+00
9.700000000000000289e-03
0.000000000000000000e+00
0.000000000000000000e+00
0.000000000000000000e+00
1.563200000000000006e-02
0.000000000000000000e+00
0.000000000000000000e+00
0.000000000000000000e+00
0.000000000000000000e+00
0.000000000000000000e+00
0.000000000000000000e+00
0.000000000000000000e+00
1.189600000000000032e-02
0.000000000000000000e+00
0.000000000000000000e+00
0.000000000000000000e+00
0.000000000000000000e+00
0.000000000000000000e+00
0.000000000000000000e+00
0.000000000000000000e+00
0.000000000000000000e+00
0.000000000000000000e+00
0.000000000000000000e+00
0.000000000000000000e+00
0.000000000000000000e+00
0.000000000000000000e+00
0.000000000000000000e+00
0.000000000000000000e+00
9.419999999999999554e-03
0.000000000000000000e+00
0.000000000000000000e+00
0.000000000000000000e+00
0.000000000000000000e+00
0.000000000000000000e+00
0.000000000000000000e+00
0.000000000000000000e+00
0.000000000000000000e+00
0.000000000000000000e+00
0.000000000000000000e+00
0.000000000000000000e+00
0.000000000000000000e+00
0.000000000000000000e+00
0.000000000000000000e+00
0.000000000000000000e+00
0.000000000000000000e+00
0.000000000000000000e+00
0.000000000000000000e+00
0.000000000000000000e+00
0.000000000000000000e+00
0.000000000000000000e+00
0.000000000000000000e+00
0.000000000000000000e+00
0.000000000000000000e+00
0.000000000000000000e+00
0.000000000000000000e+00
0.000000000000000000e+00
0.000000000000000000e+00
0.000000000000000000e+00
0.000000000000000000e+00
0.000000000000000000e+00
1.450399999999999953e-02
7.939999999999999142e-03
1.180400000000000026e-02
0.000000000000000000e+00
1.681200000000000055e-02
0.000000000000000000e+00
0.000000000000000000e+00
0.000000000000000000e+00
1.231200000000000003e-02
0.000000000000000000e+00
0.000000000000000000e+00
0.000000000000000000e+00
0.000000000000000000e+00
0.000000000000000000e+00
0.000000000000000000e+00
0.000000000000000000e+00
9.884000000000000424e-03
0.000000000000000000e+00
0.000000000000000000e+00
0.000000000000000000e+00
0.000000000000000000e+00
0.000000000000000000e+00
0.000000000000000000e+00
0.000000000000000000e+00
0.000000000000000000e+00
0.000000000000000000e+00
0.000000000000000000e+00
0.000000000000000000e+00
0.000000000000000000e+00
0.000000000000000000e+00
0.000000000000000000e+00
0.000000000000000000e+00
1.046799999999999987e-02
8.779999999999999610e-03
1.457199999999999988e-02
0.000000000000000000e+00
1.144799999999999984e-02
0.000000000000000000e+00
0.000000000000000000e+00
0.000000000000000000e+00
9.936000000000000387e-03
0.000000000000000000e+00
0.000000000000000000e+00
0.000000000000000000e+00
0.000000000000000000e+00
0.000000000000000000e+00
0.000000000000000000e+00
0.000000000000000000e+00
1.367999999999999945e-02
1.505599999999999994e-02
1.117600000000000017e-02
0.000000000000000000e+00
9.495999999999999233e-03
0.000000000000000000e+00
0.000000000000000000e+00
0.000000000000000000e+00
1.020800000000000006e-02
1.159199999999999987e-02
9.119999999999999635e-03
0.000000000000000000e+00
1.424800000000000025e-02
9.159999999999999740e-03
1.000000000000000021e-02
1.322800000000000017e-02
7.011199999999999377e-02
