5.847999999999999726e-02
1.281200000000000047e-02
8.259999999999999981e-03
8.580000000000000820e-03
1.324000000000000003e-02
0.000000000000000000e+00
8.616000000000000394e-03
1.037199999999999928e-02
7.700000000000000247e-03
0.000000000000000000e+00
0.000000000000000000e+00
0.000000000000000000e+00
8.248000000000000123e-03
0.000000000000000000e+00
8.092000000000000234e-03
1.100399999999999989e-02
1.210800000000000071e-02
0.000000000000000000e+00
0.000000000000000000e+00
0.000000000000000000e+00
0.000000000000000000e+00
0.000000000000000000e+00
0.000000000000000000e+00
0.000000000000000000e+00
7.887999999999999179e-03
0.000000000000000000e+00
0.000000000000000000e+00
0.000000000000000000e+00
1.190800000000000018e-02
0.000000000000000000e+00
1.293599999999999958e-02
9.320000000000000159e-03
8.215999999999999345e-03
0.000000000000000000e+00
0.000000000000000000e+00
0.000000000000000000e+00
0.000000000000000000e+00
0.000000000000000000e+00
0.000000000000000000e+00
0.000000000000000000e+00
0.000000000000000000e+00
0.000000000000000000e+00
0.000000000000000000e+00
0.000000000000000000e+00
0.000000000000000000e+00
0.000000000000000000e+00
0.000000000000000000e+00
0.000000000000000000e+00
8.548000000000000043e-03
0.000000000000000000e+00
0.000000000000000000e+00
0.000000000000000000e+00
0.000000000000000000e+00
0.000000000000000000e+00
0.000000000000000000e+00
0.000000000000000000e+00
7.571999999999999738e-03
0.000000000000000000e+00
0.000000000000000000e+00
0.000000000000000000e+00
1.266800000000000044e-02
0.000000000000000000e+00
1.179999999999999973e-02
9.327999999999999486e-03
1.306799999999999976e-02
0.000000000000000000e+00
0.000000000000000000e+00
0.000000000000000000e+00
0.000000000000000000e+00
0.000000000000000000e+00
0.000000000000000000e+00
0.000000000000000000e+00
0.000000000000000000e+00
0.000000000000000000e+00
0.000000000000000000e+00
0.000000000000000000e+00
0.000000000000000000e+00
0.000000000000000000e+00
0.000000000000000000e+00
0.000000000000000000e+00
0.000000000000000000e+00
0.000000000000000000e+00
0.000000000000000000e+00
0.000000000000000000e+00
0.000000000000000000e+00
0.000000000000000000e+00
0.000000000000000000e+00
0.000000000000000000e+00
0.000000000000000000e+00
0.000000000000000000e+00
0.000000000000000000e+00
0.000000000000000000e+00
0.000000000000000000e+00
0.000000000000000000e+00
0.000000000000000000e+00
0.000000000000000000e+00
8.623999999999999722e-03
0.000000000000000000e+00
0.000000000000000000e+00
0.000000000000000000e+00
0.000000000000000000e+00
0.000000000000000000e+00
0.000000000000000000e+00
0.000000000000000000e+00
0.000000000000000000e+00
0.000000000000000000e+00
0.000000000000000000e+00
0.000000000000000000e+00
0.000000000000000000e+00
0.000000000000000000e+00
0.000000000000000000e+00
0.000000000000000000e+00
1.026400000000000055e-02
0.000000000000000000e+00
0.000000000000000000e+00
0.000000000000000000e+00
0.000000000000000000e+00
0.000000000000000000e+00
0.000000000000000000e+00
0.000000000000000000e+00
1.025599999999999949e-02
0.000000000000000000e+00
0.000000000000000000e+00
0.000000000000000000e+00
8.911999999999999783e-03
0.000000000000000000e+00
8.555999999999999370e-03
1.050799999999999998e-02
6.911999999999999741e-03
8.427999999999999728e-03
0.000000000000000000e+00
7.643999999999999753e-03
0.000000000000000000e+00
0.000000000000000000e+00
0.000000000000000000e+00
1.061600000000000044e-02
0.000000000000000000e+00
0.000000000000000000e+00
0.000000000000000000e+00
0.000000000000000000e+00
0.000000000000000000e+00
0.000000000000000000e+00
0.000000000000000000e+00
1.002399999999999992e-02
0.000000000000000000e+00
0.000000000000000000e+00
0.000000000000000000e+00
0.000000000000000000e+00
0.000000000000000000e+00
0.000000000000000000e+00
0.000000000000000000e+00
0.000000000000000000e+00
0.000000000000000000e+00
0.000000000000000000e+00
0.000000000000000000e+00
0.000000000000000000e+00
0.000000000000000000e+00
0.000000000000000000e+00
0.000000000000000000e+00
9.747999999999999721e-03
0.000000000000000000e+00
0.000000000000000000e+00
0.000000000000000000e+00
0.000000000000000000e+00
0.000000000000000000e+00
0.000000000000000000e+00
0.000000000000000000e+00
0.000000000000000000e+00
0.000000000000000000e+00
0.000000000000000000e+00
0.000000000000000000e+00
0.000000000000000000e+00
0.000000000000000000e+00
0.000000000000000000e+00
0.000000000000000000e+00
0.000000000000000000e+00
0.000000000000000000e+00
0.000000000000000000e+00
0.000000000000000000e+00
0.000000000000000000e+00
0.000000000000000000e+00
0.000000000000000000e+00
0.000000000000000000e+00
0.000000000000000000e+00
0.000000000000000000e+00
0.000000000000000000e+00
0.000000000000000000e+00
0.000000000000000000e+00
0.000000000000000000e+00
0.000000000000000000e+00
0.000000000000000000e+00
1.378399999999999938e-02
7.832000000000000420e-03
1.267199999999999924e-02
0.000000000000000000e+00
1.195200000000000082e-02
0.000000000000000000e+00
0.000000000000000000e+00
0.000000000000000000e+00
8.056000000000000660e-03
0.000000000000000000e+00
0.000000000000000000e+00
0.000000000000000000e+00
0.000000000000000000e+00
0.000000000000000000e+00
0.000000000000000000e+00
0.000000000000000000e+00
8.795999999999999999e-03
0.000000000000000000e+00
0.000000000000000000e+00
0.000000000000000000e+00
0.000000000000000000e+00
0.000000000000000000e+00
0.000000000000000000e+00
0.000000000000000000e+00
0.000000000000000000e+00
0.000000000000000000e+00
0.000000000000000000e+00
0.000000000000000000e+00
0.000000000000000000e+00
0.000000000000000000e+00
0.000000000000000000e+00
0.000000000000000000e+00
1.057600000000000033e-02
8.423999999999999197e-03
1.382800000000000001e-02
0.000000000000000000e+00
1.133999999999999939e-02
0.000000000000000000e+00
0.000000000000000000e+00
0.000000000000000000e+00
9.596000000000000363e-03
0.000000000000000000e+00
0.000000000000000000e+00
0.000000000000000000e+00
0.000000000000000000e+00
0.000000000000000000e+00
0.000000000000000000e+00
0.000000000000000000e+00
1.515599999999999933e-02
1.085200000000000053e-02
9.620000000000000079e-03
0.000000000000000000e+00
9.187999999999999987e-03
0.000000000000000000e+00
0.000000000000000000e+00
0.000000000000000000e+00
9.948000000000000245e-03
9.967999999999999430e-03
9.848000000000000850e-03
0.000000000000000000e+00
1.387599999999999945e-02
9.103999999999999246e-03
1.105599999999999986e-02
1.479199999999999959e-02
7.688399999999999401e-02
