4.123199999999999782e-02
7.764000000000000068e-03
4.283999999999999614e-03
7.311999999999999923e-03
1.745599999999999929e-02
0.000000000000000000e+00
9.327999999999999486e-03
1.600800000000000139e-02
5.092000000000000172e-03
0.000000000000000000e+00
0.000000000000000000e+00
0.000000000000000000e+00
1.046000000000000055e-02
0.000000000000000000e+00
7.579999999999999932e-03
1.296399999999999983e-02
8.264000000000000512e-03
0.000000000000000000e+00
0.000000000000000000e+00
0.000000000000000000e+00
0.000000000000000000e+00
0.000000000000000000e+00
0.000000000000000000e+00
0.000000000000000000e+00
8.191999999999999629e-03
0.000000000000000000e+00
0.000000000000000000e+00
0.000000000000000000e+00
1.544799999999999993e-02
0.000000000000000000e+00
1.178000000000000054e-02
9.620000000000000079e-03
4.819999999999999632e-03
0.000000000000000000e+00
0.000000000000000000e+00
0.000000000000000000e+00
0.000000000000000000e+00
0.000000000000000000e+00
0.000000000000000000e+00
0.000000000000000000e+00
0.000000000000000000e+00
0.000000000000000000e+00
0.000000000000000000e+00
0.000000000000000000e+00
0.000000000000000000e+00
0.000000000000000000e+00
0.000000000000000000e+00
0.000000000000000000e+00
7.668000000000000337e-03
0.000000000000000000e+00
0.000000000000000000e+00
0.000000000000000000e+00
0.000000000000000000e+00
0.000000000000000000e+00
0.000000000000000000e+00
0.000000000000000000e+00
1.144799999999999984e-02
0.000000000000000000e+00
0.000000000000000000e+00
0.000000000000000000e+00
2.182800000000000018e-02
0.000000000000000000e+00
1.499200000000000012e-02
1.239999999999999956e-02
1.760400000000000159e-02
0.000000000000000000e+00
0.000000000000000000e+00
0.000000000000000000e+00
0.000000000000000000e+00
0.000000000000000000e+00
0.000000000000000000e+00
0.000000000000000000e+00
0.000000000000000000e+00
0.000000000000000000e+00
0.000000000000000000e+00
0.000000000000000000e+00
0.000000000000000000e+00
0.000000000000000000e+00
0.000000000000000000e+00
0.000000000000000000e+00
0.000000000000000000e+00
0.000000000000000000e+00
0.000000000000000000e+00
0.000000000000000000e+00
0.000000000000000000e+00
0.000000000000000000e+00
0.000000000000000000e+00
0.000000000000000000e+00
0.000000000000000000e+00
0.000000000000000000e+00
0.000000000000000000e+00
0.000000000000000000e+00
0.000000000000000000e+00
0.000000000000000000e+00
0.000000000000000000e+00
0.000000000000000000e+00
9.695999999999999758e-03
0.000000000000000000e+00
0.000000000000000000e+00
0.000000000000000000e+00
0.000000000000000000e+00
0.000000000000000000e+00
0.000000000000000000e+00
0.000000000000000000e+00
0.000000000000000000e+00
0.000000000000000000e+00
0.000000000000000000e+00
0.000000000000000000e+00
0.000000000000000000e+00
0.000000000000000000e+00
0.000000000000000000e+00
0.000000000000000000e+00
1.602800000000000058e-02
0.000000000000000000e+00
0.000000000000000000e+00
0.000000000000000000e+00
0.000000000000000000e+00
0.000000000000000000e+00
0.000000000000000000e+00
0.000000000000000000e+00
2.441600000000000020e-02
0.000000000000000000e+00
0.000000000000000000e+00
0.000000000000000000e+00
1.545999999999999978e-02
0.000000000000000000e+00
1.076399999999999926e-02
8.340000000000000191e-03
4.660000000000000080e-03
8.399999999999999481e-03
0.000000000000000000e+00
1.133999999999999939e-02
0.000000000000000000e+00
0.000000000000000000e+00
0.000000000000000000e+00
2.450000000000000094e-02
0.000000000000000000e+00
0.000000000000000000e+00
0.000000000000000000e+00
0.000000000000000000e+00
0.000000000000000000e+00
0.000000000000000000e+00
0.000000000000000000e+00
1.608000000000000054e-02
0.000000000000000000e+00
0.000000000000000000e+00
0.000000000000000000e+00
0.000000000000000000e+00
0.000000000000000000e+00
0.000000000000000000e+00
0.000000000000000000e+00
0.000000000000000000e+00
0.000000000000000000e+00
0.000000000000000000e+00
0.000000000000000000e+00
0.000000000000000000e+00
0.000000000000000000e+00
0.000000000000000000e+00
0.000000000000000000e+00
1.172400000000000005e-02
0.000000000000000000e+00
0.000000000000000000e+00
0.000000000000000000e+00
0.000000000000000000e+00
0.000000000000000000e+00
0.000000000000000000e+00
0.000000000000000000e+00
0.000000000000000000e+00
0.000000000000000000e+00
0.000000000000000000e+00
0.000000000000000000e+00
0.000000000000000000e+00
0.000000000000000000e+00
0.000000000000000000e+00
0.000000000000000000e+00
0.000000000000000000e+00
0.000000000000000000e+00
0.000000000000000000e+00
0.000000000000000000e+00
0.000000000000000000e+00
0.000000000000000000e+00
0.000000000000000000e+00
0.000000000000000000e+00
0.000000000000000000e+00
0.000000000000000000e+00
0.000000000000000000e+00
0.000000000000000000e+00
0.000000000000000000e+00
0.000000000000000000e+00
0.000000000000000000e+00
0.000000000000000000e+00
2.013200000000000059e-02
1.000400000000000074e-02
1.503999999999999955e-02
0.000000000000000000e+00
1.974400000000000113e-02
0.000000000000000000e+00
0.000000000000000000e+00
0.000000000000000000e+00
1.353200000000000063e-02
0.000000000000000000e+00
0.000000000000000000e+00
0.000000000000000000e+00
0.000000000000000000e+00
0.000000000000000000e+00
0.000000000000000000e+00
0.000000000000000000e+00
1.045199999999999949e-02
0.000000000000000000e+00
0.000000000000000000e+00
0.000000000000000000e+00
0.000000000000000000e+00
0.000000000000000000e+00
0.000000000000000000e+00
0.000000000000000000e+00
0.000000000000000000e+00
0.000000000000000000e+00
0.000000000000000000e+00
0.000000000000000000e+00
0.000000000000000000e+00
0.000000000000000000e+00
0.000000000000000000e+00
0.000000000000000000e+00
7.420000000000000380e-03
7.484000000000000201e-03
1.148000000000000062e-02
0.000000000000000000e+00
1.389199999999999983e-02
0.000000000000000000e+00
0.000000000000000000e+00
0.000000000000000000e+00
1.162400000000000065e-02
0.000000000000000000e+00
0.000000000000000000e+00
0.000000000000000000e+00
0.000000000000000000e+00
0.000000000000000000e+00
0.000000000000000000e+00
0.000000000000000000e+00
1.069999999999999944e-02
1.316400000000000035e-02
9.572000000000000647e-03
0.000000000000000000e+00
1.201999999999999943e-02
0.000000000000000000e+00
0.000000000000000000e+00
0.000000000000000000e+00
7.863999999999999463e-03
1.663200000000000095e-02
1.120799999999999921e-02
0.000000000000000000e+00
1.941199999999999870e-02
1.025200000000000070e-02
7.340000000000000170e-03
1.038000000000000034e-02
6.672000000000000153e-02
