5.196800000000000030e-02
1.070800000000000050e-02
8.191999999999999629e-03
8.271999999999999839e-03
1.206400000000000007e-02
0.000000000000000000e+00
8.248000000000000123e-03
1.148799999999999995e-02
7.860000000000000667e-03
0.000000000000000000e+00
0.000000000000000000e+00
0.000000000000000000e+00
7.891999999999999710e-03
0.000000000000000000e+00
8.304000000000000617e-03
1.292399999999999972e-02
9.783999999999999295e-03
0.000000000000000000e+00
0.000000000000000000e+00
0.000000000000000000e+00
0.000000000000000000e+00
0.000000000000000000e+00
0.000000000000000000e+00
0.000000000000000000e+00
7.479999999999999670e-03
0.000000000000000000e+00
0.000000000000000000e+00
0.000000000000000000e+00
1.173199999999999937e-02
0.000000000000000000e+00
1.311999999999999972e-02
1.004400000000000084e-02
7.772000000000000262e-03
0.000000000000000000e+00
0.000000000000000000e+00
0.000000000000000000e+00
0.000000000000000000e+00
0.000000000000000000e+00
0.000000000000000000e+00
0.000000000000000000e+00
0.000000000000000000e+00
0.000000000000000000e+00
0.000000000000000000e+00
0.000000000000000000e+00
0.000000000000000000e+00
0.000000000000000000e+00
0.000000000000000000e+00
0.000000000000000000e+00
7.655999999999999611e-03
0.000000000000000000e+00
0.000000000000000000e+00
0.000000000000000000e+00
0.000000000000000000e+00
0.000000000000000000e+00
0.000000000000000000e+00
0.000000000000000000e+00
9.372000000000000122e-03
0.000000000000000000e+00
0.000000000000000000e+00
0.000000000000000000e+00
1.701599999999999988e-02
0.000000000000000000e+00
1.149200000000000048e-02
8.935999999999999499e-03
1.255200000000000066e-02
0.000000000000000000e+00
0.000000000000000000e+00
0.000000000000000000e+00
0.000000000000000000e+00
0.000000000000000000e+00
0.000000000000000000e+00
0.000000000000000000e+00
0.000000000000000000e+00
0.000000000000000000e+00
0.000000000000000000e+00
0.000000000000000000e+00
0.000000000000000000e+00
0.000000000000000000e+00
0.000000000000000000e+00
0.000000000000000000e+00
0.000000000000000000e+00
0.000000000000000000e+00
0.000000000000000000e+00
0.000000000000000000e+00
0.000000000000000000e+00
0.000000000000000000e+00
0.000000000000000000e+00
0.000000000000000000e+00
0.000000000000000000e+00
0.000000000000000000e+00
0.000000000000000000e+00
0.000000000000000000e+00
0.000000000000000000e+00
0.000000000000000000e+00
0.000000000000000000e+00
0.000000000000000000e+00
8.163999999999999382e-03
0.000000000000000000e+00
0.000000000000000000e+00
0.000000000000000000e+00
0.000000000000000000e+00
0.000000000000000000e+00
0.000000000000000000e+00
0.000000000000000000e+00
0.000000000000000000e+00
0.000000000000000000e+00
0.000000000000000000e+00
0.000000000000000000e+00
0.000000000000000000e+00
0.000000000000000000e+00
0.000000000000000000e+00
0.000000000000000000e+00
1.098000000000000018e-02
0.000000000000000000e+00
0.000000000000000000e+00
0.000000000000000000e+00
0.000000000000000000e+00
0.000000000000000000e+00
0.000000000000000000e+00
0.000000000000000000e+00
1.484800000000000009e-02
0.000000000000000000e+00
0.000000000000000000e+00
0.000000000000000000e+00
1.126800000000000024e-02
0.000000000000000000e+00
8.935999999999999499e-03
9.811999999999999542e-03
8.179999999999999771e-03
8.528000000000000858e-03
0.000000000000000000e+00
1.056400000000000047e-02
0.000000000000000000e+00
0.000000000000000000e+00
0.000000000000000000e+00
1.619599999999999859e-02
0.000000000000000000e+00
0.000000000000000000e+00
0.000000000000000000e+00
0.000000000000000000e+00
0.000000000000000000e+00
0.000000000000000000e+00
0.000000000000000000e+00
1.142800000000000066e-02
0.000000000000000000e+00
0.000000000000000000e+00
0.000000000000000000e+00
0.000000000000000000e+00
0.000000000000000000e+00
0.000000000000000000e+00
0.000000000000000000e+00
0.000000000000000000e+00
0.000000000000000000e+00
0.000000000000000000e+00
0.000000000000000000e+00
0.000000000000000000e+00
0.000000000000000000e+00
0.000000000000000000e+00
0.000000000000000000e+00
9.471999999999999517e-03
0.000000000000000000e+00
0.000000000000000000e+00
0.000000000000000000e+00
0.000000000000000000e+00
0.000000000000000000e+00
0.000000000000000000e+00
0.000000000000000000e+00
0.000000000000000000e+00
0.000000000000000000e+00
0.000000000000000000e+00
0.000000000000000000e+00
0.000000000000000000e+00
0.000000000000000000e+00
0.000000000000000000e+00
0.000000000000000000e+00
0.000000000000000000e+00
0.000000000000000000e+00
0.000000000000000000e+00
0.000000000000000000e+00
0.000000000000000000e+00
0.000000000000000000e+00
0.000000000000000000e+00
0.000000000000000000e+00
0.000000000000000000e+00
0.000000000000000000e+00
0.000000000000000000e+00
0.000000000000000000e+00
0.000000000000000000e+00
0.000000000000000000e+00
0.000000000000000000e+00
0.000000000000000000e+00
1.423199999999999986e-02
8.300000000000000086e-03
1.239999999999999956e-02
0.000000000000000000e+00
1.726400000000000157e-02
0.000000000000000000e+00
0.000000000000000000e+00
0.000000000000000000e+00
1.282400000000000033e-02
0.000000000000000000e+00
0.000000000000000000e+00
0.000000000000000000e+00
0.000000000000000000e+00
0.000000000000000000e+00
0.000000000000000000e+00
0.000000000000000000e+00
9.440000000000000474e-03
0.000000000000000000e+00
0.000000000000000000e+00
0.000000000000000000e+00
0.000000000000000000e+00
0.000000000000000000e+00
0.000000000000000000e+00
0.000000000000000000e+00
0.000000000000000000e+00
0.000000000000000000e+00
0.000000000000000000e+00
0.000000000000000000e+00
0.000000000000000000e+00
0.000000000000000000e+00
0.000000000000000000e+00
0.000000000000000000e+00
1.014800000000000077e-02
8.640000000000000110e-03
1.328000000000000014e-02
0.000000000000000000e+00
1.213999999999999975e-02
0.000000000000000000e+00
0.000000000000000000e+00
0.000000000000000000e+00
9.539999999999999869e-03
0.000000000000000000e+00
0.000000000000000000e+00
0.000000000000000000e+00
0.000000000000000000e+00
0.000000000000000000e+00
0.000000000000000000e+00
0.000000000000000000e+00
1.280000000000000061e-02
1.263200000000000087e-02
1.001999999999999939e-02
0.000000000000000000e+00
9.960000000000000103e-03
0.000000000000000000e+00
0.000000000000000000e+00
0.000000000000000000e+00
1.043600000000000083e-02
1.105599999999999986e-02
9.624000000000000610e-03
0.000000000000000000e+00
1.521999999999999915e-02
8.947999999999999357e-03
1.024000000000000084e-02
1.224399999999999968e-02
6.866800000000000681e-02
