2.347999999999999827e-03
9.948000000000000245e-03
2.000000000000000164e-05
2.563999999999999873e-03
1.116000000000000021e-03
0.000000000000000000e+00
7.439999999999999782e-04
9.704000000000000820e-03
1.200000000000000030e-05
0.000000000000000000e+00
0.000000000000000000e+00
0.000000000000000000e+00
8.319999999999999488e-04
0.000000000000000000e+00
3.759999999999999887e-03
4.005999999999999839e-02
7.948000000000000204e-03
0.000000000000000000e+00
0.000000000000000000e+00
0.000000000000000000e+00
0.000000000000000000e+00
0.000000000000000000e+00
0.000000000000000000e+00
0.000000000000000000e+00
2.187999999999999841e-03
0.000000000000000000e+00
0.000000000000000000e+00
0.000000000000000000e+00
8.567999999999999228e-03
0.000000000000000000e+00
3.525999999999999968e-02
1.227560000000000040e-01
2.400000000000000061e-05
0.000000000000000000e+00
0.000000000000000000e+00
0.000000000000000000e+00
0.000000000000000000e+00
0.000000000000000000e+00
0.000000000000000000e+00
0.000000000000000000e+00
0.000000000000000000e+00
0.000000000000000000e+00
0.000000000000000000e+00
0.000000000000000000e+00
0.000000000000000000e+00
0.000000000000000000e+00
0.000000000000000000e+00
0.000000000000000000e+00
2.135999999999999878e-03
0.000000000000000000e+00
0.000000000000000000e+00
0.000000000000000000e+00
0.000000000000000000e+00
0.000000000000000000e+00
0.000000000000000000e+00
0.000000000000000000e+00
1.936000000000000004e-03
0.000000000000000000e+00
0.000000000000000000e+00
0.000000000000000000e+00
9.764000000000000110e-03
0.000000000000000000e+00
1.356399999999999967e-02
1.064400000000000068e-02
1.108000000000000044e-03
0.000000000000000000e+00
0.000000000000000000e+00
0.000000000000000000e+00
0.000000000000000000e+00
0.000000000000000000e+00
0.000000000000000000e+00
0.000000000000000000e+00
0.000000000000000000e+00
0.000000000000000000e+00
0.000000000000000000e+00
0.000000000000000000e+00
0.000000000000000000e+00
0.000000000000000000e+00
0.000000000000000000e+00
0.000000000000000000e+00
0.000000000000000000e+00
0.000000000000000000e+00
0.000000000000000000e+00
0.000000000000000000e+00
0.000000000000000000e+00
0.000000000000000000e+00
0.000000000000000000e+00
0.000000000000000000e+00
0.000000000000000000e+00
0.000000000000000000e+00
0.000000000000000000e+00
0.000000000000000000e+00
0.000000000000000000e+00
0.000000000000000000e+00
0.000000000000000000e+00
0.000000000000000000e+00
8.720000000000000537e-04
0.000000000000000000e+00
0.000000000000000000e+00
0.000000000000000000e+00
0.000000000000000000e+00
0.000000000000000000e+00
0.000000000000000000e+00
0.000000000000000000e+00
0.000000000000000000e+00
0.000000000000000000e+00
0.000000000000000000e+00
0.000000000000000000e+00
0.000000000000000000e+00
0.000000000000000000e+00
0.000000000000000000e+00
0.000000000000000000e+00
8.488000000000000753e-03
0.000000000000000000e+00
0.000000000000000000e+00
0.000000000000000000e+00
0.000000000000000000e+00
0.000000000000000000e+00
0.000000000000000000e+00
0.000000000000000000e+00
1.004799999999999964e-02
0.000000000000000000e+00
0.000000000000000000e+00
0.000000000000000000e+00
1.763199999999999837e-02
0.000000000000000000e+00
8.788000000000000672e-03
8.035999999999999741e-03
2.799999999999999958e-05
2.480000000000000000e-03
0.000000000000000000e+00
2.135999999999999878e-03
0.000000000000000000e+00
0.000000000000000000e+00
0.000000000000000000e+00
1.073999999999999955e-02
0.000000000000000000e+00
0.000000000000000000e+00
0.000000000000000000e+00
0.000000000000000000e+00
0.000000000000000000e+00
0.000000000000000000e+00
0.000000000000000000e+00
1.626400000000000068e-02
0.000000000000000000e+00
0.000000000000000000e+00
0.000000000000000000e+00
0.000000000000000000e+00
0.000000000000000000e+00
0.000000000000000000e+00
0.000000000000000000e+00
0.000000000000000000e+00
0.000000000000000000e+00
0.000000000000000000e+00
0.000000000000000000e+00
0.000000000000000000e+00
0.000000000000000000e+00
0.000000000000000000e+00
0.000000000000000000e+00
1.361200000000000083e-02
0.000000000000000000e+00
0.000000000000000000e+00
0.000000000000000000e+00
0.000000000000000000e+00
0.000000000000000000e+00
0.000000000000000000e+00
0.000000000000000000e+00
0.000000000000000000e+00
0.000000000000000000e+00
0.000000000000000000e+00
0.000000000000000000e+00
0.000000000000000000e+00
0.000000000000000000e+00
0.000000000000000000e+00
0.000000000000000000e+00
0.000000000000000000e+00
0.000000000000000000e+00
0.000000000000000000e+00
0.000000000000000000e+00
0.000000000000000000e+00
0.000000000000000000e+00
0.000000000000000000e+00
0.000000000000000000e+00
0.000000000000000000e+00
0.000000000000000000e+00
0.000000000000000000e+00
0.000000000000000000e+00
0.000000000000000000e+00
0.000000000000000000e+00
0.000000000000000000e+00
0.000000000000000000e+00
3.200000000000000153e-03
7.640000000000000306e-04
9.976000000000000492e-03
0.000000000000000000e+00
1.106799999999999971e-02
0.000000000000000000e+00
0.000000000000000000e+00
0.000000000000000000e+00
2.336399999999999935e-02
0.000000000000000000e+00
0.000000000000000000e+00
0.000000000000000000e+00
0.000000000000000000e+00
0.000000000000000000e+00
0.000000000000000000e+00
0.000000000000000000e+00
9.983999999999999819e-03
0.000000000000000000e+00
0.000000000000000000e+00
0.000000000000000000e+00
0.000000000000000000e+00
0.000000000000000000e+00
0.000000000000000000e+00
0.000000000000000000e+00
0.000000000000000000e+00
0.000000000000000000e+00
0.000000000000000000e+00
0.000000000000000000e+00
0.000000000000000000e+00
0.000000000000000000e+00
0.000000000000000000e+00
0.000000000000000000e+00
1.230400000000000070e-02
3.887999999999999963e-03
4.310800000000000048e-02
0.000000000000000000e+00
1.741200000000000039e-02
0.000000000000000000e+00
0.000000000000000000e+00
0.000000000000000000e+00
1.024000000000000084e-02
0.000000000000000000e+00
0.000000000000000000e+00
0.000000000000000000e+00
0.000000000000000000e+00
0.000000000000000000e+00
0.000000000000000000e+00
0.000000000000000000e+00
1.370799999999999970e-02
3.002799999999999914e-02
1.221079999999999943e-01
0.000000000000000000e+00
1.443599999999999918e-02
0.000000000000000000e+00
0.000000000000000000e+00
0.000000000000000000e+00
1.230799999999999950e-02
1.345999999999999974e-02
1.050000000000000065e-02
0.000000000000000000e+00
2.959999999999999958e-03
8.304000000000000617e-03
7.688000000000000389e-03
1.126800000000000024e-02
1.663479999999999959e-01
