3.040000000000000167e-03
1.553599999999999946e-02
2.400000000000000061e-05
3.408000000000000005e-03
5.760000000000000146e-04
0.000000000000000000e+00
6.279999999999999775e-04
8.836000000000000104e-03
3.600000000000000091e-05
0.000000000000000000e+00
0.000000000000000000e+00
0.000000000000000000e+00
6.599999999999999964e-04
0.000000000000000000e+00
4.487999999999999802e-03
5.005199999999999927e-02
1.640399999999999844e-02
0.000000000000000000e+00
0.000000000000000000e+00
0.000000000000000000e+00
0.000000000000000000e+00
0.000000000000000000e+00
0.000000000000000000e+00
0.000000000000000000e+00
3.295999999999999885e-03
0.000000000000000000e+00
0.000000000000000000e+00
0.000000000000000000e+00
8.920000000000000845e-03
0.000000000000000000e+00
5.840399999999999758e-02
1.458879999999999899e-01
5.599999999999999916e-05
0.000000000000000000e+00
0.000000000000000000e+00
0.000000000000000000e+00
0.000000000000000000e+00
0.000000000000000000e+00
0.000000000000000000e+00
0.000000000000000000e+00
0.000000000000000000e+00
0.000000000000000000e+00
0.000000000000000000e+00
0.000000000000000000e+00
0.000000000000000000e+00
0.000000000000000000e+00
0.000000000000000000e+00
0.000000000000000000e+00
3.299999999999999982e-03
0.000000000000000000e+00
0.000000000000000000e+00
0.000000000000000000e+00
0.000000000000000000e+00
0.000000000000000000e+00
0.000000000000000000e+00
0.000000000000000000e+00
1.988000000000000184e-03
0.000000000000000000e+00
0.000000000000000000e+00
0.000000000000000000e+00
5.499999999999999681e-03
0.000000000000000000e+00
1.273200000000000026e-02
1.004400000000000084e-02
5.360000000000000181e-04
0.000000000000000000e+00
0.000000000000000000e+00
0.000000000000000000e+00
0.000000000000000000e+00
0.000000000000000000e+00
0.000000000000000000e+00
0.000000000000000000e+00
0.000000000000000000e+00
0.000000000000000000e+00
0.000000000000000000e+00
0.000000000000000000e+00
0.000000000000000000e+00
0.000000000000000000e+00
0.000000000000000000e+00
0.000000000000000000e+00
0.000000000000000000e+00
0.000000000000000000e+00
0.000000000000000000e+00
0.000000000000000000e+00
0.000000000000000000e+00
0.000000000000000000e+00
0.000000000000000000e+00
0.000000000000000000e+00
0.000000000000000000e+00
0.000000000000000000e+00
0.000000000000000000e+00
0.000000000000000000e+00
0.000000000000000000e+00
0.000000000000000000e+00
0.000000000000000000e+00
0.000000000000000000e+00
6.239999999999999887e-04
0.000000000000000000e+00
0.000000000000000000e+00
0.000000000000000000e+00
0.000000000000000000e+00
0.000000000000000000e+00
0.000000000000000000e+00
0.000000000000000000e+00
0.000000000000000000e+00
0.000000000000000000e+00
0.000000000000000000e+00
0.000000000000000000e+00
0.000000000000000000e+00
0.000000000000000000e+00
0.000000000000000000e+00
0.000000000000000000e+00
8.300000000000000086e-03
0.000000000000000000e+00
0.000000000000000000e+00
0.000000000000000000e+00
0.000000000000000000e+00
0.000000000000000000e+00
0.000000000000000000e+00
0.000000000000000000e+00
6.052000000000000088e-03
0.000000000000000000e+00
0.000000000000000000e+00
0.000000000000000000e+00
8.387999999999999623e-03
0.000000000000000000e+00
7.900000000000000772e-03
6.331999999999999955e-03
4.399999999999999886e-05
3.263999999999999974e-03
0.000000000000000000e+00
2.020000000000000094e-03
0.000000000000000000e+00
0.000000000000000000e+00
0.000000000000000000e+00
5.936000000000000304e-03
0.000000000000000000e+00
0.000000000000000000e+00
0.000000000000000000e+00
0.000000000000000000e+00
0.000000000000000000e+00
0.000000000000000000e+00
0.000000000000000000e+00
1.229599999999999964e-02
0.000000000000000000e+00
0.000000000000000000e+00
0.000000000000000000e+00
0.000000000000000000e+00
0.000000000000000000e+00
0.000000000000000000e+00
0.000000000000000000e+00
0.000000000000000000e+00
0.000000000000000000e+00
0.000000000000000000e+00
0.000000000000000000e+00
0.000000000000000000e+00
0.000000000000000000e+00
0.000000000000000000e+00
0.000000000000000000e+00
9.128000000000000697e-03
0.000000000000000000e+00
0.000000000000000000e+00
0.000000000000000000e+00
0.000000000000000000e+00
0.000000000000000000e+00
0.000000000000000000e+00
0.000000000000000000e+00
0.000000000000000000e+00
0.000000000000000000e+00
0.000000000000000000e+00
0.000000000000000000e+00
0.000000000000000000e+00
0.000000000000000000e+00
0.000000000000000000e+00
0.000000000000000000e+00
0.000000000000000000e+00
0.000000000000000000e+00
0.000000000000000000e+00
0.000000000000000000e+00
0.000000000000000000e+00
0.000000000000000000e+00
0.000000000000000000e+00
0.000000000000000000e+00
0.000000000000000000e+00
0.000000000000000000e+00
0.000000000000000000e+00
0.000000000000000000e+00
0.000000000000000000e+00
0.000000000000000000e+00
0.000000000000000000e+00
0.000000000000000000e+00
1.608000000000000054e-03
6.880000000000000265e-04
8.855999999999999289e-03
0.000000000000000000e+00
6.479999999999999649e-03
0.000000000000000000e+00
0.000000000000000000e+00
0.000000000000000000e+00
7.688000000000000389e-03
0.000000000000000000e+00
0.000000000000000000e+00
0.000000000000000000e+00
0.000000000000000000e+00
0.000000000000000000e+00
0.000000000000000000e+00
0.000000000000000000e+00
7.219999999999999855e-03
0.000000000000000000e+00
0.000000000000000000e+00
0.000000000000000000e+00
0.000000000000000000e+00
0.000000000000000000e+00
0.000000000000000000e+00
0.000000000000000000e+00
0.000000000000000000e+00
0.000000000000000000e+00
0.000000000000000000e+00
0.000000000000000000e+00
0.000000000000000000e+00
0.000000000000000000e+00
0.000000000000000000e+00
0.000000000000000000e+00
5.876000000000000147e-03
4.107999999999999673e-03
5.380000000000000060e-02
0.000000000000000000e+00
1.308800000000000067e-02
0.000000000000000000e+00
0.000000000000000000e+00
0.000000000000000000e+00
7.296000000000000402e-03
0.000000000000000000e+00
0.000000000000000000e+00
0.000000000000000000e+00
0.000000000000000000e+00
0.000000000000000000e+00
0.000000000000000000e+00
0.000000000000000000e+00
2.006399999999999850e-02
5.172399999999999914e-02
1.424439999999999873e-01
0.000000000000000000e+00
8.703999999999999931e-03
0.000000000000000000e+00
0.000000000000000000e+00
0.000000000000000000e+00
5.467999999999999770e-03
1.279199999999999955e-02
9.303999999999999770e-03
0.000000000000000000e+00
1.727999999999999935e-03
7.727999999999999627e-03
6.080000000000000335e-03
2.088800000000000032e-02
9.993599999999999706e-02
