1.711599999999999927e-02
2.898799999999999988e-02
7.960000000000000495e-04
8.800000000000000530e-03
3.024000000000000212e-03
0.000000000000000000e+00
3.112000000000000183e-03
1.620399999999999965e-02
1.012000000000000096e-03
0.000000000000000000e+00
0.000000000000000000e+00
0.000000000000000000e+00
3.471999999999999826e-03
0.000000000000000000e+00
1.456799999999999935e-02
5.399600000000000233e-02
2.972400000000000042e-02
0.000000000000000000e+00
0.000000000000000000e+00
0.000000000000000000e+00
0.000000000000000000e+00
0.000000000000000000e+00
0.000000000000000000e+00
0.000000000000000000e+00
8.951999999999999888e-03
0.000000000000000000e+00
0.000000000000000000e+00
0.000000000000000000e+00
1.501599999999999983e-02
0.000000000000000000e+00
6.336400000000000365e-02
4.533199999999999730e-02
6.679999999999999740e-04
0.000000000000000000e+00
0.000000000000000000e+00
0.000000000000000000e+00
0.000000000000000000e+00
0.000000000000000000e+00
0.000000000000000000e+00
0.000000000000000000e+00
0.000000000000000000e+00
0.000000000000000000e+00
0.000000000000000000e+00
0.000000000000000000e+00
0.000000000000000000e+00
0.000000000000000000e+00
0.000000000000000000e+00
0.000000000000000000e+00
8.772000000000000283e-03
0.000000000000000000e+00
0.000000000000000000e+00
0.000000000000000000e+00
0.000000000000000000e+00
0.000000000000000000e+00
0.000000000000000000e+00
0.000000000000000000e+00
4.239999999999999845e-03
0.000000000000000000e+00
0.000000000000000000e+00
0.000000000000000000e+00
5.636000000000000384e-03
0.000000000000000000e+00
1.658000000000000099e-02
8.448000000000000648e-03
2.856000000000000032e-03
0.000000000000000000e+00
0.000000000000000000e+00
0.000000000000000000e+00
0.000000000000000000e+00
0.000000000000000000e+00
0.000000000000000000e+00
0.000000000000000000e+00
0.000000000000000000e+00
0.000000000000000000e+00
0.000000000000000000e+00
0.000000000000000000e+00
0.000000000000000000e+00
0.000000000000000000e+00
0.000000000000000000e+00
0.000000000000000000e+00
0.000000000000000000e+00
0.000000000000000000e+00
0.000000000000000000e+00
0.000000000000000000e+00
0.000000000000000000e+00
0.000000000000000000e+00
0.000000000000000000e+00
0.000000000000000000e+00
0.000000000000000000e+00
0.000000000000000000e+00
0.000000000000000000e+00
0.000000000000000000e+00
0.000000000000000000e+00
0.000000000000000000e+00
0.000000000000000000e+00
0.000000000000000000e+00
2.923999999999999950e-03
0.000000000000000000e+00
0.000000000000000000e+00
0.000000000000000000e+00
0.000000000000000000e+00
0.000000000000000000e+00
0.000000000000000000e+00
0.000000000000000000e+00
0.000000000000000000e+00
0.000000000000000000e+00
0.000000000000000000e+00
0.000000000000000000e+00
0.000000000000000000e+00
0.000000000000000000e+00
0.000000000000000000e+00
0.000000000000000000e+00
1.661599999999999883e-02
0.000000000000000000e+00
0.000000000000000000e+00
0.000000000000000000e+00
0.000000000000000000e+00
0.000000000000000000e+00
0.000000000000000000e+00
0.000000000000000000e+00
8.392000000000000154e-03
0.000000000000000000e+00
0.000000000000000000e+00
0.000000000000000000e+00
6.080000000000000335e-03
0.000000000000000000e+00
1.193999999999999923e-02
3.419999999999999863e-03
8.880000000000000089e-04
9.088000000000000592e-03
0.000000000000000000e+00
4.072000000000000099e-03
0.000000000000000000e+00
0.000000000000000000e+00
0.000000000000000000e+00
8.227999999999999203e-03
0.000000000000000000e+00
0.000000000000000000e+00
0.000000000000000000e+00
0.000000000000000000e+00
0.000000000000000000e+00
0.000000000000000000e+00
0.000000000000000000e+00
1.725199999999999997e-02
0.000000000000000000e+00
0.000000000000000000e+00
0.000000000000000000e+00
0.000000000000000000e+00
0.000000000000000000e+00
0.000000000000000000e+00
0.000000000000000000e+00
0.000000000000000000e+00
0.000000000000000000e+00
0.000000000000000000e+00
0.000000000000000000e+00
0.000000000000000000e+00
0.000000000000000000e+00
0.000000000000000000e+00
0.000000000000000000e+00
8.059999999999999457e-03
0.000000000000000000e+00
0.000000000000000000e+00
0.000000000000000000e+00
0.000000000000000000e+00
0.000000000000000000e+00
0.000000000000000000e+00
0.000000000000000000e+00
0.000000000000000000e+00
0.000000000000000000e+00
0.000000000000000000e+00
0.000000000000000000e+00
0.000000000000000000e+00
0.000000000000000000e+00
0.000000000000000000e+00
0.000000000000000000e+00
0.000000000000000000e+00
0.000000000000000000e+00
0.000000000000000000e+00
0.000000000000000000e+00
0.000000000000000000e+00
0.000000000000000000e+00
0.000000000000000000e+00
0.000000000000000000e+00
0.000000000000000000e+00
0.000000000000000000e+00
0.000000000000000000e+00
0.000000000000000000e+00
0.000000000000000000e+00
0.000000000000000000e+00
0.000000000000000000e+00
0.000000000000000000e+00
4.440000000000000370e-03
3.543999999999999841e-03
1.548399999999999950e-02
0.000000000000000000e+00
5.464000000000000107e-03
0.000000000000000000e+00
0.000000000000000000e+00
0.000000000000000000e+00
5.692000000000000011e-03
0.000000000000000000e+00
0.000000000000000000e+00
0.000000000000000000e+00
0.000000000000000000e+00
0.000000000000000000e+00
0.000000000000000000e+00
0.000000000000000000e+00
1.184400000000000036e-02
0.000000000000000000e+00
0.000000000000000000e+00
0.000000000000000000e+00
0.000000000000000000e+00
0.000000000000000000e+00
0.000000000000000000e+00
0.000000000000000000e+00
0.000000000000000000e+00
0.000000000000000000e+00
0.000000000000000000e+00
0.000000000000000000e+00
0.000000000000000000e+00
0.000000000000000000e+00
0.000000000000000000e+00
0.000000000000000000e+00
3.076000000000000175e-03
1.383200000000000054e-02
6.033600000000000074e-02
0.000000000000000000e+00
1.610400000000000026e-02
0.000000000000000000e+00
0.000000000000000000e+00
0.000000000000000000e+00
1.248800000000000084e-02
0.000000000000000000e+00
0.000000000000000000e+00
0.000000000000000000e+00
0.000000000000000000e+00
0.000000000000000000e+00
0.000000000000000000e+00
0.000000000000000000e+00
3.406800000000000106e-02
5.667599999999999721e-02
4.496399999999999703e-02
0.000000000000000000e+00
8.404000000000000012e-03
0.000000000000000000e+00
0.000000000000000000e+00
0.000000000000000000e+00
3.288000000000000124e-03
1.685999999999999999e-02
7.971999999999999920e-03
0.000000000000000000e+00
4.139999999999999583e-03
1.231600000000000056e-02
3.191999999999999959e-03
3.428400000000000197e-02
5.439200000000000285e-02
