4.461999999999999994e-02
2.643600000000000116e-02
3.856000000000000053e-03
5.395999999999999755e-03
4.048000000000000383e-03
0.000000000000000000e+00
5.648000000000000242e-03
6.876000000000000167e-03
3.588000000000000043e-03
0.000000000000000000e+00
0.000000000000000000e+00
0.000000000000000000e+00
5.547999999999999980e-03
0.000000000000000000e+00
3.015599999999999878e-02
3.625599999999999656e-02
2.622400000000000078e-02
0.000000000000000000e+00
0.000000000000000000e+00
0.000000000000000000e+00
0.000000000000000000e+00
0.000000000000000000e+00
0.000000000000000000e+00
0.000000000000000000e+00
5.392000000000000091e-03
0.000000000000000000e+00
0.000000000000000000e+00
0.000000000000000000e+00
7.496000000000000059e-03
0.000000000000000000e+00
3.997599999999999765e-02
4.932000000000000273e-02
4.011999999999999941e-03
0.000000000000000000e+00
0.000000000000000000e+00
0.000000000000000000e+00
0.000000000000000000e+00
0.000000000000000000e+00
0.000000000000000000e+00
0.000000000000000000e+00
0.000000000000000000e+00
0.000000000000000000e+00
0.000000000000000000e+00
0.000000000000000000e+00
0.000000000000000000e+00
0.000000000000000000e+00
0.000000000000000000e+00
0.000000000000000000e+00
5.712000000000000063e-03
0.000000000000000000e+00
0.000000000000000000e+00
0.000000000000000000e+00
0.000000000000000000e+00
0.000000000000000000e+00
0.000000000000000000e+00
0.000000000000000000e+00
1.608000000000000054e-03
0.000000000000000000e+00
0.000000000000000000e+00
0.000000000000000000e+00
1.887999999999999921e-03
0.000000000000000000e+00
6.988000000000000288e-03
8.607999999999999333e-03
4.308000000000000197e-03
0.000000000000000000e+00
0.000000000000000000e+00
0.000000000000000000e+00
0.000000000000000000e+00
0.000000000000000000e+00
0.000000000000000000e+00
0.000000000000000000e+00
0.000000000000000000e+00
0.000000000000000000e+00
0.000000000000000000e+00
0.000000000000000000e+00
0.000000000000000000e+00
0.000000000000000000e+00
0.000000000000000000e+00
0.000000000000000000e+00
0.000000000000000000e+00
0.000000000000000000e+00
0.000000000000000000e+00
0.000000000000000000e+00
0.000000000000000000e+00
0.000000000000000000e+00
0.000000000000000000e+00
0.000000000000000000e+00
0.000000000000000000e+00
0.000000000000000000e+00
0.000000000000000000e+00
0.000000000000000000e+00
0.000000000000000000e+00
0.000000000000000000e+00
0.000000000000000000e+00
0.000000000000000000e+00
5.908000000000000057e-03
0.000000000000000000e+00
0.000000000000000000e+00
0.000000000000000000e+00
0.000000000000000000e+00
0.000000000000000000e+00
0.000000000000000000e+00
0.000000000000000000e+00
0.000000000000000000e+00
0.000000000000000000e+00
0.000000000000000000e+00
0.000000000000000000e+00
0.000000000000000000e+00
0.000000000000000000e+00
0.000000000000000000e+00
0.000000000000000000e+00
7.095999999999999877e-03
0.000000000000000000e+00
0.000000000000000000e+00
0.000000000000000000e+00
0.000000000000000000e+00
0.000000000000000000e+00
0.000000000000000000e+00
0.000000000000000000e+00
1.827999999999999981e-03
0.000000000000000000e+00
0.000000000000000000e+00
0.000000000000000000e+00
1.719999999999999958e-03
0.000000000000000000e+00
6.067999999999999609e-03
6.943999999999999652e-03
3.644000000000000104e-03
5.703999999999999869e-03
0.000000000000000000e+00
1.343999999999999926e-03
0.000000000000000000e+00
0.000000000000000000e+00
0.000000000000000000e+00
1.631999999999999987e-03
0.000000000000000000e+00
0.000000000000000000e+00
0.000000000000000000e+00
0.000000000000000000e+00
0.000000000000000000e+00
0.000000000000000000e+00
0.000000000000000000e+00
6.244000000000000418e-03
0.000000000000000000e+00
0.000000000000000000e+00
0.000000000000000000e+00
0.000000000000000000e+00
0.000000000000000000e+00
0.000000000000000000e+00
0.000000000000000000e+00
0.000000000000000000e+00
0.000000000000000000e+00
0.000000000000000000e+00
0.000000000000000000e+00
0.000000000000000000e+00
0.000000000000000000e+00
0.000000000000000000e+00
0.000000000000000000e+00
8.488000000000000753e-03
0.000000000000000000e+00
0.000000000000000000e+00
0.000000000000000000e+00
0.000000000000000000e+00
0.000000000000000000e+00
0.000000000000000000e+00
0.000000000000000000e+00
0.000000000000000000e+00
0.000000000000000000e+00
0.000000000000000000e+00
0.000000000000000000e+00
0.000000000000000000e+00
0.000000000000000000e+00
0.000000000000000000e+00
0.000000000000000000e+00
0.000000000000000000e+00
0.000000000000000000e+00
0.000000000000000000e+00
0.000000000000000000e+00
0.000000000000000000e+00
0.000000000000000000e+00
0.000000000000000000e+00
0.000000000000000000e+00
0.000000000000000000e+00
0.000000000000000000e+00
0.000000000000000000e+00
0.000000000000000000e+00
0.000000000000000000e+00
0.000000000000000000e+00
0.000000000000000000e+00
0.000000000000000000e+00
6.144000000000000156e-03
5.928000000000000110e-03
7.135999999999999982e-03
0.000000000000000000e+00
1.691999999999999928e-03
0.000000000000000000e+00
0.000000000000000000e+00
0.000000000000000000e+00
1.547999999999999897e-03
0.000000000000000000e+00
0.000000000000000000e+00
0.000000000000000000e+00
0.000000000000000000e+00
0.000000000000000000e+00
0.000000000000000000e+00
0.000000000000000000e+00
5.980000000000000072e-03
0.000000000000000000e+00
0.000000000000000000e+00
0.000000000000000000e+00
0.000000000000000000e+00
0.000000000000000000e+00
0.000000000000000000e+00
0.000000000000000000e+00
0.000000000000000000e+00
0.000000000000000000e+00
0.000000000000000000e+00
0.000000000000000000e+00
0.000000000000000000e+00
0.000000000000000000e+00
0.000000000000000000e+00
0.000000000000000000e+00
6.551999999999999665e-03
2.899200000000000041e-02
3.895200000000000051e-02
0.000000000000000000e+00
6.904000000000000414e-03
0.000000000000000000e+00
0.000000000000000000e+00
0.000000000000000000e+00
5.812000000000000326e-03
0.000000000000000000e+00
0.000000000000000000e+00
0.000000000000000000e+00
0.000000000000000000e+00
0.000000000000000000e+00
0.000000000000000000e+00
0.000000000000000000e+00
2.965599999999999833e-02
3.568799999999999750e-02
4.743599999999999900e-02
0.000000000000000000e+00
8.512000000000000469e-03
0.000000000000000000e+00
0.000000000000000000e+00
0.000000000000000000e+00
6.735999999999999800e-03
6.300000000000000044e-03
8.580000000000000820e-03
0.000000000000000000e+00
6.544000000000000337e-03
6.348000000000000344e-03
7.000000000000000146e-03
3.007200000000000151e-02
8.555599999999999317e-02
