8.812000000000000388e-03
2.962000000000000050e-02
3.480000000000000020e-04
5.271999999999999777e-03
6.199999999999999999e-04
0.000000000000000000e+00
9.200000000000000278e-04
7.527999999999999969e-03
3.519999999999999908e-04
0.000000000000000000e+00
0.000000000000000000e+00
0.000000000000000000e+00
9.319999999999999942e-04
0.000000000000000000e+00
9.547999999999999196e-03
6.188799999999999857e-02
2.934399999999999856e-02
0.000000000000000000e+00
0.000000000000000000e+00
0.000000000000000000e+00
0.000000000000000000e+00
0.000000000000000000e+00
0.000000000000000000e+00
0.000000000000000000e+00
5.011999999999999962e-03
0.000000000000000000e+00
0.000000000000000000e+00
0.000000000000000000e+00
7.812000000000000367e-03
0.000000000000000000e+00
6.267999999999999960e-02
9.933999999999999775e-02
4.079999999999999968e-04
0.000000000000000000e+00
0.000000000000000000e+00
0.000000000000000000e+00
0.000000000000000000e+00
0.000000000000000000e+00
0.000000000000000000e+00
0.000000000000000000e+00
0.000000000000000000e+00
0.000000000000000000e+00
0.000000000000000000e+00
0.000000000000000000e+00
0.000000000000000000e+00
0.000000000000000000e+00
0.000000000000000000e+00
0.000000000000000000e+00
5.496000000000000017e-03
0.000000000000000000e+00
0.000000000000000000e+00
0.000000000000000000e+00
0.000000000000000000e+00
0.000000000000000000e+00
0.000000000000000000e+00
0.000000000000000000e+00
1.175999999999999962e-03
0.000000000000000000e+00
0.000000000000000000e+00
0.000000000000000000e+00
1.319999999999999993e-03
0.000000000000000000e+00
8.111999999999999419e-03
7.807999999999999836e-03
5.519999999999999733e-04
0.000000000000000000e+00
0.000000000000000000e+00
0.000000000000000000e+00
0.000000000000000000e+00
0.000000000000000000e+00
0.000000000000000000e+00
0.000000000000000000e+00
0.000000000000000000e+00
0.000000000000000000e+00
0.000000000000000000e+00
0.000000000000000000e+00
0.000000000000000000e+00
0.000000000000000000e+00
0.000000000000000000e+00
0.000000000000000000e+00
0.000000000000000000e+00
0.000000000000000000e+00
0.000000000000000000e+00
0.000000000000000000e+00
0.000000000000000000e+00
0.000000000000000000e+00
0.000000000000000000e+00
0.000000000000000000e+00
0.000000000000000000e+00
0.000000000000000000e+00
0.000000000000000000e+00
0.000000000000000000e+00
0.000000000000000000e+00
0.000000000000000000e+00
0.000000000000000000e+00
0.000000000000000000e+00
1.012000000000000096e-03
0.000000000000000000e+00
0.000000000000000000e+00
0.000000000000000000e+00
0.000000000000000000e+00
0.000000000000000000e+00
0.000000000000000000e+00
0.000000000000000000e+00
0.000000000000000000e+00
0.000000000000000000e+00
0.000000000000000000e+00
0.000000000000000000e+00
0.000000000000000000e+00
0.000000000000000000e+00
0.000000000000000000e+00
0.000000000000000000e+00
7.579999999999999932e-03
0.000000000000000000e+00
0.000000000000000000e+00
0.000000000000000000e+00
0.000000000000000000e+00
0.000000000000000000e+00
0.000000000000000000e+00
0.000000000000000000e+00
1.299999999999999940e-03
0.000000000000000000e+00
0.000000000000000000e+00
0.000000000000000000e+00
1.559999999999999972e-03
0.000000000000000000e+00
7.363999999999999886e-03
5.152000000000000329e-03
3.559999999999999797e-04
5.028000000000000351e-03
0.000000000000000000e+00
1.092000000000000089e-03
0.000000000000000000e+00
0.000000000000000000e+00
0.000000000000000000e+00
1.495999999999999934e-03
0.000000000000000000e+00
0.000000000000000000e+00
0.000000000000000000e+00
0.000000000000000000e+00
0.000000000000000000e+00
0.000000000000000000e+00
0.000000000000000000e+00
8.371999999999999234e-03
0.000000000000000000e+00
0.000000000000000000e+00
0.000000000000000000e+00
0.000000000000000000e+00
0.000000000000000000e+00
0.000000000000000000e+00
0.000000000000000000e+00
0.000000000000000000e+00
0.000000000000000000e+00
0.000000000000000000e+00
0.000000000000000000e+00
0.000000000000000000e+00
0.000000000000000000e+00
0.000000000000000000e+00
0.000000000000000000e+00
7.976000000000000451e-03
0.000000000000000000e+00
0.000000000000000000e+00
0.000000000000000000e+00
0.000000000000000000e+00
0.000000000000000000e+00
0.000000000000000000e+00
0.000000000000000000e+00
0.000000000000000000e+00
0.000000000000000000e+00
0.000000000000000000e+00
0.000000000000000000e+00
0.000000000000000000e+00
0.000000000000000000e+00
0.000000000000000000e+00
0.000000000000000000e+00
0.000000000000000000e+00
0.000000000000000000e+00
0.000000000000000000e+00
0.000000000000000000e+00
0.000000000000000000e+00
0.000000000000000000e+00
0.000000000000000000e+00
0.000000000000000000e+00
0.000000000000000000e+00
0.000000000000000000e+00
0.000000000000000000e+00
0.000000000000000000e+00
0.000000000000000000e+00
0.000000000000000000e+00
0.000000000000000000e+00
0.000000000000000000e+00
2.236000000000000140e-03
9.719999999999999907e-04
7.472000000000000343e-03
0.000000000000000000e+00
1.335999999999999948e-03
0.000000000000000000e+00
0.000000000000000000e+00
0.000000000000000000e+00
1.428000000000000016e-03
0.000000000000000000e+00
0.000000000000000000e+00
0.000000000000000000e+00
0.000000000000000000e+00
0.000000000000000000e+00
0.000000000000000000e+00
0.000000000000000000e+00
7.820000000000000562e-03
0.000000000000000000e+00
0.000000000000000000e+00
0.000000000000000000e+00
0.000000000000000000e+00
0.000000000000000000e+00
0.000000000000000000e+00
0.000000000000000000e+00
0.000000000000000000e+00
0.000000000000000000e+00
0.000000000000000000e+00
0.000000000000000000e+00
0.000000000000000000e+00
0.000000000000000000e+00
0.000000000000000000e+00
0.000000000000000000e+00
5.475999999999999965e-03
9.291999999999999912e-03
6.174400000000000027e-02
0.000000000000000000e+00
8.647999999999999438e-03
0.000000000000000000e+00
0.000000000000000000e+00
0.000000000000000000e+00
7.524000000000000306e-03
0.000000000000000000e+00
0.000000000000000000e+00
0.000000000000000000e+00
0.000000000000000000e+00
0.000000000000000000e+00
0.000000000000000000e+00
0.000000000000000000e+00
3.732400000000000301e-02
6.089200000000000168e-02
9.743200000000000471e-02
0.000000000000000000e+00
7.936000000000000346e-03
0.000000000000000000e+00
0.000000000000000000e+00
0.000000000000000000e+00
5.331999999999999934e-03
7.943999999999999673e-03
7.524000000000000306e-03
0.000000000000000000e+00
2.243999999999999901e-03
7.487999999999999864e-03
5.372000000000000039e-03
3.676000000000000101e-02
9.498399999999999899e-02
