2.315999999999999916e-03
1.197600000000000053e-02
3.199999999999999855e-05
2.840000000000000076e-03
3.840000000000000097e-04
0.000000000000000000e+00
3.200000000000000262e-04
6.276000000000000328e-03
2.799999999999999958e-05
0.000000000000000000e+00
0.000000000000000000e+00
0.000000000000000000e+00
3.640000000000000115e-04
0.000000000000000000e+00
5.224000000000000345e-03
6.959999999999999520e-02
1.012799999999999985e-02
0.000000000000000000e+00
0.000000000000000000e+00
0.000000000000000000e+00
0.000000000000000000e+00
0.000000000000000000e+00
0.000000000000000000e+00
0.000000000000000000e+00
2.180000000000000080e-03
0.000000000000000000e+00
0.000000000000000000e+00
0.000000000000000000e+00
4.899999999999999842e-03
0.000000000000000000e+00
5.234799999999999870e-02
1.743319999999999870e-01
2.799999999999999958e-05
0.000000000000000000e+00
0.000000000000000000e+00
0.000000000000000000e+00
0.000000000000000000e+00
0.000000000000000000e+00
0.000000000000000000e+00
0.000000000000000000e+00
0.000000000000000000e+00
0.000000000000000000e+00
0.000000000000000000e+00
0.000000000000000000e+00
0.000000000000000000e+00
0.000000000000000000e+00
0.000000000000000000e+00
0.000000000000000000e+00
1.943999999999999981e-03
0.000000000000000000e+00
0.000000000000000000e+00
0.000000000000000000e+00
0.000000000000000000e+00
0.000000000000000000e+00
0.000000000000000000e+00
0.000000000000000000e+00
1.152000000000000029e-03
0.000000000000000000e+00
0.000000000000000000e+00
0.000000000000000000e+00
5.479999999999999628e-03
0.000000000000000000e+00
1.036399999999999995e-02
9.084000000000000061e-03
4.200000000000000174e-04
0.000000000000000000e+00
0.000000000000000000e+00
0.000000000000000000e+00
0.000000000000000000e+00
0.000000000000000000e+00
0.000000000000000000e+00
0.000000000000000000e+00
0.000000000000000000e+00
0.000000000000000000e+00
0.000000000000000000e+00
0.000000000000000000e+00
0.000000000000000000e+00
0.000000000000000000e+00
0.000000000000000000e+00
0.000000000000000000e+00
0.000000000000000000e+00
0.000000000000000000e+00
0.000000000000000000e+00
0.000000000000000000e+00
0.000000000000000000e+00
0.000000000000000000e+00
0.000000000000000000e+00
0.000000000000000000e+00
0.000000000000000000e+00
0.000000000000000000e+00
0.000000000000000000e+00
0.000000000000000000e+00
0.000000000000000000e+00
0.000000000000000000e+00
0.000000000000000000e+00
0.000000000000000000e+00
3.759999999999999779e-04
0.000000000000000000e+00
0.000000000000000000e+00
0.000000000000000000e+00
0.000000000000000000e+00
0.000000000000000000e+00
0.000000000000000000e+00
0.000000000000000000e+00
0.000000000000000000e+00
0.000000000000000000e+00
0.000000000000000000e+00
0.000000000000000000e+00
0.000000000000000000e+00
0.000000000000000000e+00
0.000000000000000000e+00
0.000000000000000000e+00
4.976000000000000388e-03
0.000000000000000000e+00
0.000000000000000000e+00
0.000000000000000000e+00
0.000000000000000000e+00
0.000000000000000000e+00
0.000000000000000000e+00
0.000000000000000000e+00
5.715999999999999727e-03
0.000000000000000000e+00
0.000000000000000000e+00
0.000000000000000000e+00
7.087999999999999683e-03
0.000000000000000000e+00
5.752000000000000168e-03
6.636000000000000405e-03
2.799999999999999958e-05
2.608000000000000075e-03
0.000000000000000000e+00
1.396000000000000105e-03
0.000000000000000000e+00
0.000000000000000000e+00
0.000000000000000000e+00
4.844000000000000215e-03
0.000000000000000000e+00
0.000000000000000000e+00
0.000000000000000000e+00
0.000000000000000000e+00
0.000000000000000000e+00
0.000000000000000000e+00
0.000000000000000000e+00
1.227999999999999925e-02
0.000000000000000000e+00
0.000000000000000000e+00
0.000000000000000000e+00
0.000000000000000000e+00
0.000000000000000000e+00
0.000000000000000000e+00
0.000000000000000000e+00
0.000000000000000000e+00
0.000000000000000000e+00
0.000000000000000000e+00
0.000000000000000000e+00
0.000000000000000000e+00
0.000000000000000000e+00
0.000000000000000000e+00
0.000000000000000000e+00
1.025200000000000070e-02
0.000000000000000000e+00
0.000000000000000000e+00
0.000000000000000000e+00
0.000000000000000000e+00
0.000000000000000000e+00
0.000000000000000000e+00
0.000000000000000000e+00
0.000000000000000000e+00
0.000000000000000000e+00
0.000000000000000000e+00
0.000000000000000000e+00
0.000000000000000000e+00
0.000000000000000000e+00
0.000000000000000000e+00
0.000000000000000000e+00
0.000000000000000000e+00
0.000000000000000000e+00
0.000000000000000000e+00
0.000000000000000000e+00
0.000000000000000000e+00
0.000000000000000000e+00
0.000000000000000000e+00
0.000000000000000000e+00
0.000000000000000000e+00
0.000000000000000000e+00
0.000000000000000000e+00
0.000000000000000000e+00
0.000000000000000000e+00
0.000000000000000000e+00
0.000000000000000000e+00
0.000000000000000000e+00
1.508000000000000009e-03
3.800000000000000209e-04
6.003999999999999788e-03
0.000000000000000000e+00
5.107999999999999693e-03
0.000000000000000000e+00
0.000000000000000000e+00
0.000000000000000000e+00
5.991999999999999930e-03
0.000000000000000000e+00
0.000000000000000000e+00
0.000000000000000000e+00
0.000000000000000000e+00
0.000000000000000000e+00
0.000000000000000000e+00
0.000000000000000000e+00
6.804000000000000152e-03
0.000000000000000000e+00
0.000000000000000000e+00
0.000000000000000000e+00
0.000000000000000000e+00
0.000000000000000000e+00
0.000000000000000000e+00
0.000000000000000000e+00
0.000000000000000000e+00
0.000000000000000000e+00
0.000000000000000000e+00
0.000000000000000000e+00
0.000000000000000000e+00
0.000000000000000000e+00
0.000000000000000000e+00
0.000000000000000000e+00
7.516000000000000111e-03
4.956000000000000336e-03
6.507599999999999496e-02
0.000000000000000000e+00
1.171600000000000072e-02
0.000000000000000000e+00
0.000000000000000000e+00
0.000000000000000000e+00
6.395999999999999776e-03
0.000000000000000000e+00
0.000000000000000000e+00
0.000000000000000000e+00
0.000000000000000000e+00
0.000000000000000000e+00
0.000000000000000000e+00
0.000000000000000000e+00
1.736400000000000096e-02
5.320799999999999835e-02
1.731040000000000079e-01
0.000000000000000000e+00
9.615999999999999548e-03
0.000000000000000000e+00
0.000000000000000000e+00
0.000000000000000000e+00
7.067999999999999630e-03
9.915999999999999467e-03
8.659999999999999296e-03
0.000000000000000000e+00
1.636000000000000084e-03
5.608000000000000138e-03
5.908000000000000057e-03
1.458800000000000027e-02
8.421199999999999519e-02
