1.636000000000000084e-03
6.288000000000000186e-03
7.999999999999999638e-06
1.216000000000000067e-03
2.000000000000000096e-04
0.000000000000000000e+00
1.640000000000000019e-04
3.184000000000000198e-03
1.200000000000000030e-05
0.000000000000000000e+00
0.000000000000000000e+00
0.000000000000000000e+00
2.359999999999999902e-04
0.000000000000000000e+00
4.144000000000000114e-03
2.449600000000000041e-02
6.375999999999999723e-03
0.000000000000000000e+00
0.000000000000000000e+00
0.000000000000000000e+00
0.000000000000000000e+00
0.000000000000000000e+00
0.000000000000000000e+00
0.000000000000000000e+00
1.399999999999999986e-03
0.000000000000000000e+00
0.000000000000000000e+00
0.000000000000000000e+00
3.311999999999999840e-03
0.000000000000000000e+00
2.698800000000000157e-02
1.489159999999999928e-01
7.999999999999999638e-06
0.000000000000000000e+00
0.000000000000000000e+00
0.000000000000000000e+00
0.000000000000000000e+00
0.000000000000000000e+00
0.000000000000000000e+00
0.000000000000000000e+00
0.000000000000000000e+00
0.000000000000000000e+00
0.000000000000000000e+00
0.000000000000000000e+00
0.000000000000000000e+00
0.000000000000000000e+00
0.000000000000000000e+00
0.000000000000000000e+00
1.360000000000000098e-03
0.000000000000000000e+00
0.000000000000000000e+00
0.000000000000000000e+00
0.000000000000000000e+00
0.000000000000000000e+00
0.000000000000000000e+00
0.000000000000000000e+00
6.239999999999999887e-04
0.000000000000000000e+00
0.000000000000000000e+00
0.000000000000000000e+00
1.835999999999999958e-03
0.000000000000000000e+00
6.720000000000000279e-03
1.455200000000000070e-02
2.239999999999999966e-04
0.000000000000000000e+00
0.000000000000000000e+00
0.000000000000000000e+00
0.000000000000000000e+00
0.000000000000000000e+00
0.000000000000000000e+00
0.000000000000000000e+00
0.000000000000000000e+00
0.000000000000000000e+00
0.000000000000000000e+00
0.000000000000000000e+00
0.000000000000000000e+00
0.000000000000000000e+00
0.000000000000000000e+00
0.000000000000000000e+00
0.000000000000000000e+00
0.000000000000000000e+00
0.000000000000000000e+00
0.000000000000000000e+00
0.000000000000000000e+00
0.000000000000000000e+00
0.000000000000000000e+00
0.000000000000000000e+00
0.000000000000000000e+00
0.000000000000000000e+00
0.000000000000000000e+00
0.000000000000000000e+00
0.000000000000000000e+00
0.000000000000000000e+00
0.000000000000000000e+00
0.000000000000000000e+00
1.559999999999999972e-04
0.000000000000000000e+00
0.000000000000000000e+00
0.000000000000000000e+00
0.000000000000000000e+00
0.000000000000000000e+00
0.000000000000000000e+00
0.000000000000000000e+00
0.000000000000000000e+00
0.000000000000000000e+00
0.000000000000000000e+00
0.000000000000000000e+00
0.000000000000000000e+00
0.000000000000000000e+00
0.000000000000000000e+00
0.000000000000000000e+00
3.139999999999999996e-03
0.000000000000000000e+00
0.000000000000000000e+00
0.000000000000000000e+00
0.000000000000000000e+00
0.000000000000000000e+00
0.000000000000000000e+00
0.000000000000000000e+00
1.779999999999999898e-03
0.000000000000000000e+00
0.000000000000000000e+00
0.000000000000000000e+00
4.407999999999999592e-03
0.000000000000000000e+00
5.303999999999999687e-03
1.608000000000000054e-02
3.999999999999999819e-06
1.276000000000000007e-03
0.000000000000000000e+00
4.479999999999999933e-04
0.000000000000000000e+00
0.000000000000000000e+00
0.000000000000000000e+00
1.528000000000000061e-03
0.000000000000000000e+00
0.000000000000000000e+00
0.000000000000000000e+00
0.000000000000000000e+00
0.000000000000000000e+00
0.000000000000000000e+00
0.000000000000000000e+00
6.372000000000000060e-03
0.000000000000000000e+00
0.000000000000000000e+00
0.000000000000000000e+00
0.000000000000000000e+00
0.000000000000000000e+00
0.000000000000000000e+00
0.000000000000000000e+00
0.000000000000000000e+00
0.000000000000000000e+00
0.000000000000000000e+00
0.000000000000000000e+00
0.000000000000000000e+00
0.000000000000000000e+00
0.000000000000000000e+00
0.000000000000000000e+00
1.320400000000000046e-02
0.000000000000000000e+00
0.000000000000000000e+00
0.000000000000000000e+00
0.000000000000000000e+00
0.000000000000000000e+00
0.000000000000000000e+00
0.000000000000000000e+00
0.000000000000000000e+00
0.000000000000000000e+00
0.000000000000000000e+00
0.000000000000000000e+00
0.000000000000000000e+00
0.000000000000000000e+00
0.000000000000000000e+00
0.000000000000000000e+00
0.000000000000000000e+00
0.000000000000000000e+00
0.000000000000000000e+00
0.000000000000000000e+00
0.000000000000000000e+00
0.000000000000000000e+00
0.000000000000000000e+00
0.000000000000000000e+00
0.000000000000000000e+00
0.000000000000000000e+00
0.000000000000000000e+00
0.000000000000000000e+00
0.000000000000000000e+00
0.000000000000000000e+00
0.000000000000000000e+00
0.000000000000000000e+00
2.696000000000000046e-03
2.239999999999999966e-04
2.971999999999999816e-03
0.000000000000000000e+00
1.307999999999999918e-03
0.000000000000000000e+00
0.000000000000000000e+00
0.000000000000000000e+00
3.739999999999999835e-03
0.000000000000000000e+00
0.000000000000000000e+00
0.000000000000000000e+00
0.000000000000000000e+00
0.000000000000000000e+00
0.000000000000000000e+00
0.000000000000000000e+00
4.891999999999999647e-03
0.000000000000000000e+00
0.000000000000000000e+00
0.000000000000000000e+00
0.000000000000000000e+00
0.000000000000000000e+00
0.000000000000000000e+00
0.000000000000000000e+00
0.000000000000000000e+00
0.000000000000000000e+00
0.000000000000000000e+00
0.000000000000000000e+00
0.000000000000000000e+00
0.000000000000000000e+00
0.000000000000000000e+00
0.000000000000000000e+00
1.508400000000000019e-02
3.748000000000000029e-03
2.534799999999999900e-02
0.000000000000000000e+00
6.251999999999999745e-03
0.000000000000000000e+00
0.000000000000000000e+00
0.000000000000000000e+00
4.512000000000000385e-03
0.000000000000000000e+00
0.000000000000000000e+00
0.000000000000000000e+00
0.000000000000000000e+00
0.000000000000000000e+00
0.000000000000000000e+00
0.000000000000000000e+00
9.560000000000000789e-03
2.908000000000000168e-02
1.539560000000000095e-01
0.000000000000000000e+00
1.213599999999999922e-02
0.000000000000000000e+00
0.000000000000000000e+00
0.000000000000000000e+00
1.284800000000000005e-02
6.991999999999999951e-03
1.341999999999999964e-02
0.000000000000000000e+00
1.955999999999999839e-03
5.164000000000000187e-03
1.466399999999999995e-02
1.015199999999999957e-02
2.992600000000000260e-01
