5.727200000000000346e-02
3.260400000000000104e-02
4.100000000000000346e-03
6.447999999999999739e-03
5.268000000000000113e-03
0.000000000000000000e+00
6.112000000000000245e-03
6.660000000000000121e-03
3.635999999999999909e-03
0.000000000000000000e+00
0.000000000000000000e+00
0.000000000000000000e+00
5.424000000000000002e-03
0.000000000000000000e+00
1.890800000000000120e-02
2.081200000000000064e-02
3.235199999999999881e-02
0.000000000000000000e+00
0.000000000000000000e+00
0.000000000000000000e+00
0.000000000000000000e+00
0.000000000000000000e+00
0.000000000000000000e+00
0.000000000000000000e+00
6.127999999999999767e-03
0.000000000000000000e+00
0.000000000000000000e+00
0.000000000000000000e+00
7.320000000000000118e-03
0.000000000000000000e+00
2.877599999999999950e-02
2.750800000000000120e-02
4.740000000000000289e-03
0.000000000000000000e+00
0.000000000000000000e+00
0.000000000000000000e+00
0.000000000000000000e+00
0.000000000000000000e+00
0.000000000000000000e+00
0.000000000000000000e+00
0.000000000000000000e+00
0.000000000000000000e+00
0.000000000000000000e+00
0.000000000000000000e+00
0.000000000000000000e+00
0.000000000000000000e+00
0.000000000000000000e+00
0.000000000000000000e+00
6.896000000000000220e-03
0.000000000000000000e+00
0.000000000000000000e+00
0.000000000000000000e+00
0.000000000000000000e+00
0.000000000000000000e+00
0.000000000000000000e+00
0.000000000000000000e+00
1.319999999999999993e-03
0.000000000000000000e+00
0.000000000000000000e+00
0.000000000000000000e+00
1.404000000000000083e-03
0.000000000000000000e+00
6.956000000000000377e-03
7.835999999999999216e-03
6.279999999999999992e-03
0.000000000000000000e+00
0.000000000000000000e+00
0.000000000000000000e+00
0.000000000000000000e+00
0.000000000000000000e+00
0.000000000000000000e+00
0.000000000000000000e+00
0.000000000000000000e+00
0.000000000000000000e+00
0.000000000000000000e+00
0.000000000000000000e+00
0.000000000000000000e+00
0.000000000000000000e+00
0.000000000000000000e+00
0.000000000000000000e+00
0.000000000000000000e+00
0.000000000000000000e+00
0.000000000000000000e+00
0.000000000000000000e+00
0.000000000000000000e+00
0.000000000000000000e+00
0.000000000000000000e+00
0.000000000000000000e+00
0.000000000000000000e+00
0.000000000000000000e+00
0.000000000000000000e+00
0.000000000000000000e+00
0.000000000000000000e+00
0.000000000000000000e+00
0.000000000000000000e+00
0.000000000000000000e+00
6.951999999999999846e-03
0.000000000000000000e+00
0.000000000000000000e+00
0.000000000000000000e+00
0.000000000000000000e+00
0.000000000000000000e+00
0.000000000000000000e+00
0.000000000000000000e+00
0.000000000000000000e+00
0.000000000000000000e+00
0.000000000000000000e+00
0.000000000000000000e+00
0.000000000000000000e+00
0.000000000000000000e+00
0.000000000000000000e+00
0.000000000000000000e+00
7.204000000000000334e-03
0.000000000000000000e+00
0.000000000000000000e+00
0.000000000000000000e+00
0.000000000000000000e+00
0.000000000000000000e+00
0.000000000000000000e+00
0.000000000000000000e+00
1.487999999999999956e-03
0.000000000000000000e+00
0.000000000000000000e+00
0.000000000000000000e+00
1.379999999999999933e-03
0.000000000000000000e+00
6.876000000000000167e-03
5.760000000000000363e-03
4.432000000000000176e-03
7.132000000000000318e-03
0.000000000000000000e+00
1.387999999999999911e-03
0.000000000000000000e+00
0.000000000000000000e+00
0.000000000000000000e+00
1.459999999999999926e-03
0.000000000000000000e+00
0.000000000000000000e+00
0.000000000000000000e+00
0.000000000000000000e+00
0.000000000000000000e+00
0.000000000000000000e+00
0.000000000000000000e+00
6.043999999999999893e-03
0.000000000000000000e+00
0.000000000000000000e+00
0.000000000000000000e+00
0.000000000000000000e+00
0.000000000000000000e+00
0.000000000000000000e+00
0.000000000000000000e+00
0.000000000000000000e+00
0.000000000000000000e+00
0.000000000000000000e+00
0.000000000000000000e+00
0.000000000000000000e+00
0.000000000000000000e+00
0.000000000000000000e+00
0.000000000000000000e+00
8.208000000000000018e-03
0.000000000000000000e+00
0.000000000000000000e+00
0.000000000000000000e+00
0.000000000000000000e+00
0.000000000000000000e+00
0.000000000000000000e+00
0.000000000000000000e+00
0.000000000000000000e+00
0.000000000000000000e+00
0.000000000000000000e+00
0.000000000000000000e+00
0.000000000000000000e+00
0.000000000000000000e+00
0.000000000000000000e+00
0.000000000000000000e+00
0.000000000000000000e+00
0.000000000000000000e+00
0.000000000000000000e+00
0.000000000000000000e+00
0.000000000000000000e+00
0.000000000000000000e+00
0.000000000000000000e+00
0.000000000000000000e+00
0.000000000000000000e+00
0.000000000000000000e+00
0.000000000000000000e+00
0.000000000000000000e+00
0.000000000000000000e+00
0.000000000000000000e+00
0.000000000000000000e+00
0.000000000000000000e+00
6.387999999999999581e-03
6.847999999999999921e-03
8.243999999999999592e-03
0.000000000000000000e+00
1.515999999999999986e-03
0.000000000000000000e+00
0.000000000000000000e+00
0.000000000000000000e+00
1.531999999999999942e-03
0.000000000000000000e+00
0.000000000000000000e+00
0.000000000000000000e+00
0.000000000000000000e+00
0.000000000000000000e+00
0.000000000000000000e+00
0.000000000000000000e+00
6.787999999999999763e-03
0.000000000000000000e+00
0.000000000000000000e+00
0.000000000000000000e+00
0.000000000000000000e+00
0.000000000000000000e+00
0.000000000000000000e+00
0.000000000000000000e+00
0.000000000000000000e+00
0.000000000000000000e+00
0.000000000000000000e+00
0.000000000000000000e+00
0.000000000000000000e+00
0.000000000000000000e+00
0.000000000000000000e+00
0.000000000000000000e+00
7.008000000000000340e-03
2.220000000000000098e-02
3.330000000000000321e-02
0.000000000000000000e+00
7.967999999999999389e-03
0.000000000000000000e+00
0.000000000000000000e+00
0.000000000000000000e+00
7.032000000000000056e-03
0.000000000000000000e+00
0.000000000000000000e+00
0.000000000000000000e+00
0.000000000000000000e+00
0.000000000000000000e+00
0.000000000000000000e+00
0.000000000000000000e+00
3.757599999999999829e-02
2.391599999999999976e-02
3.245200000000000168e-02
0.000000000000000000e+00
9.428000000000000616e-03
0.000000000000000000e+00
0.000000000000000000e+00
0.000000000000000000e+00
6.939999999999999988e-03
6.608000000000000158e-03
9.700000000000000289e-03
0.000000000000000000e+00
7.135999999999999982e-03
6.851999999999999584e-03
7.348000000000000365e-03
3.708399999999999891e-02
9.083600000000000008e-02
