6.695999999999999695e-03
2.592399999999999913e-02
1.759999999999999954e-04
4.444000000000000034e-03
9.160000000000000390e-04
0.000000000000000000e+00
1.087999999999999991e-03
1.023600000000000031e-02
1.800000000000000113e-04
0.000000000000000000e+00
0.000000000000000000e+00
0.000000000000000000e+00
1.095999999999999969e-03
0.000000000000000000e+00
7.487999999999999864e-03
4.665199999999999902e-02
2.520400000000000071e-02
0.000000000000000000e+00
0.000000000000000000e+00
0.000000000000000000e+00
0.000000000000000000e+00
0.000000000000000000e+00
0.000000000000000000e+00
0.000000000000000000e+00
4.392000000000000071e-03
0.000000000000000000e+00
0.000000000000000000e+00
0.000000000000000000e+00
1.025599999999999949e-02
0.000000000000000000e+00
4.710400000000000004e-02
1.101000000000000034e-01
2.000000000000000096e-04
0.000000000000000000e+00
0.000000000000000000e+00
0.000000000000000000e+00
0.000000000000000000e+00
0.000000000000000000e+00
0.000000000000000000e+00
0.000000000000000000e+00
0.000000000000000000e+00
0.000000000000000000e+00
0.000000000000000000e+00
0.000000000000000000e+00
0.000000000000000000e+00
0.000000000000000000e+00
0.000000000000000000e+00
0.000000000000000000e+00
4.360000000000000160e-03
0.000000000000000000e+00
0.000000000000000000e+00
0.000000000000000000e+00
0.000000000000000000e+00
0.000000000000000000e+00
0.000000000000000000e+00
0.000000000000000000e+00
1.907999999999999974e-03
0.000000000000000000e+00
0.000000000000000000e+00
0.000000000000000000e+00
4.092000000000000151e-03
0.000000000000000000e+00
1.110399999999999929e-02
9.551999999999999727e-03
8.480000000000000124e-04
0.000000000000000000e+00
0.000000000000000000e+00
0.000000000000000000e+00
0.000000000000000000e+00
0.000000000000000000e+00
0.000000000000000000e+00
0.000000000000000000e+00
0.000000000000000000e+00
0.000000000000000000e+00
0.000000000000000000e+00
0.000000000000000000e+00
0.000000000000000000e+00
0.000000000000000000e+00
0.000000000000000000e+00
0.000000000000000000e+00
0.000000000000000000e+00
0.000000000000000000e+00
0.000000000000000000e+00
0.000000000000000000e+00
0.000000000000000000e+00
0.000000000000000000e+00
0.000000000000000000e+00
0.000000000000000000e+00
0.000000000000000000e+00
0.000000000000000000e+00
0.000000000000000000e+00
0.000000000000000000e+00
0.000000000000000000e+00
0.000000000000000000e+00
0.000000000000000000e+00
0.000000000000000000e+00
1.012000000000000096e-03
0.000000000000000000e+00
0.000000000000000000e+00
0.000000000000000000e+00
0.000000000000000000e+00
0.000000000000000000e+00
0.000000000000000000e+00
0.000000000000000000e+00
0.000000000000000000e+00
0.000000000000000000e+00
0.000000000000000000e+00
0.000000000000000000e+00
0.000000000000000000e+00
0.000000000000000000e+00
0.000000000000000000e+00
0.000000000000000000e+00
9.672000000000000042e-03
0.000000000000000000e+00
0.000000000000000000e+00
0.000000000000000000e+00
0.000000000000000000e+00
0.000000000000000000e+00
0.000000000000000000e+00
0.000000000000000000e+00
4.259999999999999898e-03
0.000000000000000000e+00
0.000000000000000000e+00
0.000000000000000000e+00
6.156000000000000014e-03
0.000000000000000000e+00
9.060000000000000345e-03
4.919999999999999894e-03
1.879999999999999890e-04
4.176000000000000024e-03
0.000000000000000000e+00
1.991999999999999847e-03
0.000000000000000000e+00
0.000000000000000000e+00
0.000000000000000000e+00
4.095999999999999815e-03
0.000000000000000000e+00
0.000000000000000000e+00
0.000000000000000000e+00
0.000000000000000000e+00
0.000000000000000000e+00
0.000000000000000000e+00
0.000000000000000000e+00
1.102000000000000028e-02
0.000000000000000000e+00
0.000000000000000000e+00
0.000000000000000000e+00
0.000000000000000000e+00
0.000000000000000000e+00
0.000000000000000000e+00
0.000000000000000000e+00
0.000000000000000000e+00
0.000000000000000000e+00
0.000000000000000000e+00
0.000000000000000000e+00
0.000000000000000000e+00
0.000000000000000000e+00
0.000000000000000000e+00
0.000000000000000000e+00
9.487999999999999906e-03
0.000000000000000000e+00
0.000000000000000000e+00
0.000000000000000000e+00
0.000000000000000000e+00
0.000000000000000000e+00
0.000000000000000000e+00
0.000000000000000000e+00
0.000000000000000000e+00
0.000000000000000000e+00
0.000000000000000000e+00
0.000000000000000000e+00
0.000000000000000000e+00
0.000000000000000000e+00
0.000000000000000000e+00
0.000000000000000000e+00
0.000000000000000000e+00
0.000000000000000000e+00
0.000000000000000000e+00
0.000000000000000000e+00
0.000000000000000000e+00
0.000000000000000000e+00
0.000000000000000000e+00
0.000000000000000000e+00
0.000000000000000000e+00
0.000000000000000000e+00
0.000000000000000000e+00
0.000000000000000000e+00
0.000000000000000000e+00
0.000000000000000000e+00
0.000000000000000000e+00
0.000000000000000000e+00
2.347999999999999827e-03
9.319999999999999942e-04
9.872000000000000566e-03
0.000000000000000000e+00
4.291999999999999808e-03
0.000000000000000000e+00
0.000000000000000000e+00
0.000000000000000000e+00
6.775999999999999905e-03
0.000000000000000000e+00
0.000000000000000000e+00
0.000000000000000000e+00
0.000000000000000000e+00
0.000000000000000000e+00
0.000000000000000000e+00
0.000000000000000000e+00
8.795999999999999999e-03
0.000000000000000000e+00
0.000000000000000000e+00
0.000000000000000000e+00
0.000000000000000000e+00
0.000000000000000000e+00
0.000000000000000000e+00
0.000000000000000000e+00
0.000000000000000000e+00
0.000000000000000000e+00
0.000000000000000000e+00
0.000000000000000000e+00
0.000000000000000000e+00
0.000000000000000000e+00
0.000000000000000000e+00
0.000000000000000000e+00
4.924000000000000425e-03
7.755999999999999873e-03
4.539200000000000179e-02
0.000000000000000000e+00
1.097200000000000085e-02
0.000000000000000000e+00
0.000000000000000000e+00
0.000000000000000000e+00
8.283999999999999697e-03
0.000000000000000000e+00
0.000000000000000000e+00
0.000000000000000000e+00
0.000000000000000000e+00
0.000000000000000000e+00
0.000000000000000000e+00
0.000000000000000000e+00
3.122399999999999828e-02
4.327600000000000197e-02
1.094399999999999956e-01
0.000000000000000000e+00
9.116000000000000839e-03
0.000000000000000000e+00
0.000000000000000000e+00
0.000000000000000000e+00
4.864000000000000268e-03
1.040400000000000005e-02
9.275999999999999523e-03
0.000000000000000000e+00
2.419999999999999842e-03
8.755999999999999894e-03
5.023999999999999820e-03
3.005199999999999885e-02
1.176080000000000042e-01
