8.528000000000000858e-03
3.132399999999999768e-02
3.319999999999999926e-04
5.107999999999999693e-03
3.600000000000000227e-04
0.000000000000000000e+00
7.759999999999999971e-04
7.479999999999999670e-03
3.559999999999999797e-04
0.000000000000000000e+00
0.000000000000000000e+00
0.000000000000000000e+00
8.120000000000000048e-04
0.000000000000000000e+00
9.679999999999999369e-03
6.059599999999999709e-02
3.107999999999999999e-02
0.000000000000000000e+00
0.000000000000000000e+00
0.000000000000000000e+00
0.000000000000000000e+00
0.000000000000000000e+00
0.000000000000000000e+00
0.000000000000000000e+00
5.023999999999999820e-03
0.000000000000000000e+00
0.000000000000000000e+00
0.000000000000000000e+00
7.492000000000000395e-03
0.000000000000000000e+00
6.077599999999999669e-02
1.010920000000000013e-01
4.200000000000000174e-04
0.000000000000000000e+00
0.000000000000000000e+00
0.000000000000000000e+00
0.000000000000000000e+00
0.000000000000000000e+00
0.000000000000000000e+00
0.000000000000000000e+00
0.000000000000000000e+00
0.000000000000000000e+00
0.000000000000000000e+00
0.000000000000000000e+00
0.000000000000000000e+00
0.000000000000000000e+00
0.000000000000000000e+00
0.000000000000000000e+00
5.407999999999999613e-03
0.000000000000000000e+00
0.000000000000000000e+00
0.000000000000000000e+00
0.000000000000000000e+00
0.000000000000000000e+00
0.000000000000000000e+00
0.000000000000000000e+00
1.039999999999999909e-03
0.000000000000000000e+00
0.000000000000000000e+00
0.000000000000000000e+00
1.235999999999999903e-03
0.000000000000000000e+00
7.544000000000000358e-03
7.348000000000000365e-03
3.519999999999999908e-04
0.000000000000000000e+00
0.000000000000000000e+00
0.000000000000000000e+00
0.000000000000000000e+00
0.000000000000000000e+00
0.000000000000000000e+00
0.000000000000000000e+00
0.000000000000000000e+00
0.000000000000000000e+00
0.000000000000000000e+00
0.000000000000000000e+00
0.000000000000000000e+00
0.000000000000000000e+00
0.000000000000000000e+00
0.000000000000000000e+00
0.000000000000000000e+00
0.000000000000000000e+00
0.000000000000000000e+00
0.000000000000000000e+00
0.000000000000000000e+00
0.000000000000000000e+00
0.000000000000000000e+00
0.000000000000000000e+00
0.000000000000000000e+00
0.000000000000000000e+00
0.000000000000000000e+00
0.000000000000000000e+00
0.000000000000000000e+00
0.000000000000000000e+00
0.000000000000000000e+00
0.000000000000000000e+00
8.199999999999999824e-04
0.000000000000000000e+00
0.000000000000000000e+00
0.000000000000000000e+00
0.000000000000000000e+00
0.000000000000000000e+00
0.000000000000000000e+00
0.000000000000000000e+00
0.000000000000000000e+00
0.000000000000000000e+00
0.000000000000000000e+00
0.000000000000000000e+00
0.000000000000000000e+00
0.000000000000000000e+00
0.000000000000000000e+00
0.000000000000000000e+00
7.368000000000000417e-03
0.000000000000000000e+00
0.000000000000000000e+00
0.000000000000000000e+00
0.000000000000000000e+00
0.000000000000000000e+00
0.000000000000000000e+00
0.000000000000000000e+00
1.144000000000000052e-03
0.000000000000000000e+00
0.000000000000000000e+00
0.000000000000000000e+00
1.144000000000000052e-03
0.000000000000000000e+00
7.032000000000000056e-03
5.152000000000000329e-03
3.040000000000000167e-04
5.080000000000000314e-03
0.000000000000000000e+00
9.359999999999999831e-04
0.000000000000000000e+00
0.000000000000000000e+00
0.000000000000000000e+00
1.196000000000000014e-03
0.000000000000000000e+00
0.000000000000000000e+00
0.000000000000000000e+00
0.000000000000000000e+00
0.000000000000000000e+00
0.000000000000000000e+00
0.000000000000000000e+00
7.952000000000000735e-03
0.000000000000000000e+00
0.000000000000000000e+00
0.000000000000000000e+00
0.000000000000000000e+00
0.000000000000000000e+00
0.000000000000000000e+00
0.000000000000000000e+00
0.000000000000000000e+00
0.000000000000000000e+00
0.000000000000000000e+00
0.000000000000000000e+00
0.000000000000000000e+00
0.000000000000000000e+00
0.000000000000000000e+00
0.000000000000000000e+00
7.427999999999999707e-03
0.000000000000000000e+00
0.000000000000000000e+00
0.000000000000000000e+00
0.000000000000000000e+00
0.000000000000000000e+00
0.000000000000000000e+00
0.000000000000000000e+00
0.000000000000000000e+00
0.000000000000000000e+00
0.000000000000000000e+00
0.000000000000000000e+00
0.000000000000000000e+00
0.000000000000000000e+00
0.000000000000000000e+00
0.000000000000000000e+00
0.000000000000000000e+00
0.000000000000000000e+00
0.000000000000000000e+00
0.000000000000000000e+00
0.000000000000000000e+00
0.000000000000000000e+00
0.000000000000000000e+00
0.000000000000000000e+00
0.000000000000000000e+00
0.000000000000000000e+00
0.000000000000000000e+00
0.000000000000000000e+00
0.000000000000000000e+00
0.000000000000000000e+00
0.000000000000000000e+00
0.000000000000000000e+00
1.528000000000000061e-03
7.720000000000000083e-04
7.259999999999999960e-03
0.000000000000000000e+00
1.139999999999999954e-03
0.000000000000000000e+00
0.000000000000000000e+00
0.000000000000000000e+00
1.196000000000000014e-03
0.000000000000000000e+00
0.000000000000000000e+00
0.000000000000000000e+00
0.000000000000000000e+00
0.000000000000000000e+00
0.000000000000000000e+00
0.000000000000000000e+00
7.479999999999999670e-03
0.000000000000000000e+00
0.000000000000000000e+00
0.000000000000000000e+00
0.000000000000000000e+00
0.000000000000000000e+00
0.000000000000000000e+00
0.000000000000000000e+00
0.000000000000000000e+00
0.000000000000000000e+00
0.000000000000000000e+00
0.000000000000000000e+00
0.000000000000000000e+00
0.000000000000000000e+00
0.000000000000000000e+00
0.000000000000000000e+00
5.159999999999999656e-03
9.207999999999999172e-03
6.201199999999999768e-02
0.000000000000000000e+00
7.564000000000000411e-03
0.000000000000000000e+00
0.000000000000000000e+00
0.000000000000000000e+00
7.539999999999999827e-03
0.000000000000000000e+00
0.000000000000000000e+00
0.000000000000000000e+00
0.000000000000000000e+00
0.000000000000000000e+00
0.000000000000000000e+00
0.000000000000000000e+00
3.764399999999999691e-02
6.027199999999999919e-02
9.950399999999999523e-02
0.000000000000000000e+00
7.167999999999999892e-03
0.000000000000000000e+00
0.000000000000000000e+00
0.000000000000000000e+00
5.092000000000000172e-03
7.375999999999999744e-03
7.080000000000000356e-03
0.000000000000000000e+00
1.520000000000000084e-03
6.928000000000000130e-03
5.052000000000000067e-03
3.871200000000000335e-02
9.882000000000000506e-02
