7.999999999999999638e-06
0.000000000000000000e+00
0.000000000000000000e+00
0.000000000000000000e+00
0.000000000000000000e+00
0.000000000000000000e+00
0.000000000000000000e+00
0.000000000000000000e+00
0.000000000000000000e+00
0.000000000000000000e+00
0.000000000000000000e+00
0.000000000000000000e+00
0.000000000000000000e+00
0.000000000000000000e+00
3.999999999999999819e-06
3.199999999999999855e-05
2.400000000000000061e-05
1.200000000000000030e-05
3.600000000000000091e-05
1.599999999999999928e-05
2.400000000000000061e-05
2.799999999999999958e-05
2.799999999999999958e-05
2.400000000000000061e-05
4.399999999999999886e-05
3.199999999999999855e-05
2.799999999999999958e-05
3.199999999999999855e-05
2.400000000000000061e-05
4.000000000000000327e-05
5.599999999999999916e-05
2.400000000000000061e-05
6.399999999999999710e-05
6.000000000000000152e-05
6.000000000000000152e-05
7.600000000000000418e-05
1.000000000000000048e-04
1.039999999999999936e-04
1.479999999999999925e-04
1.679999999999999907e-04
2.559999999999999884e-04
2.039999999999999984e-04
3.440000000000000132e-04
3.480000000000000020e-04
4.760000000000000234e-04
5.479999999999999845e-04
5.999999999999999474e-04
5.000000000000000104e-04
8.360000000000000460e-04
6.520000000000000188e-04
6.199999999999999999e-04
9.160000000000000390e-04
8.159999999999999936e-04
1.039999999999999909e-03
1.268000000000000030e-03
1.291999999999999963e-03
1.283999999999999985e-03
1.572000000000000047e-03
1.288000000000000082e-03
6.359999999999999551e-04
2.971999999999999816e-03
1.631999999999999987e-03
2.331999999999999872e-03
3.047999999999999928e-03
2.980000000000000010e-03
3.099999999999999891e-03
4.251999999999999703e-03
3.991999999999999889e-03
5.695999999999999674e-03
6.675999999999999643e-03
8.423999999999999197e-03
1.226000000000000006e-02
3.190799999999999886e-02
1.144000000000000017e-01
2.201319999999999943e-01
1.655560000000000087e-01
1.530239999999999934e-01
1.166119999999999934e-01
6.161200000000000010e-02
2.457600000000000062e-02
1.645200000000000135e-02
7.556000000000000216e-03
4.400000000000000265e-03
2.288000000000000103e-03
2.036000000000000049e-03
1.103999999999999947e-03
6.560000000000000076e-04
5.559999999999999621e-04
4.279999999999999950e-04
1.440000000000000036e-04
3.519999999999999908e-04
1.240000000000000054e-04
2.039999999999999984e-04
1.160000000000000007e-04
8.799999999999999771e-05
4.800000000000000122e-05
1.679999999999999907e-04
6.399999999999999710e-05
3.600000000000000091e-05
0.000000000000000000e+00
1.520000000000000084e-04
1.599999999999999928e-05
1.520000000000000084e-04
6.000000000000000152e-05
7.999999999999999638e-06
4.000000000000000327e-05
4.000000000000000327e-05
0.000000000000000000e+00
2.000000000000000164e-05
7.999999999999999638e-06
7.600000000000000418e-05
4.000000000000000327e-05
3.199999999999999855e-05
3.999999999999999819e-06
0.000000000000000000e+00
0.000000000000000000e+00
0.000000000000000000e+00
0.000000000000000000e+00
0.000000000000000000e+00
0.000000000000000000e+00
9.600000000000000243e-05
0.000000000000000000e+00
0.000000000000000000e+00
0.000000000000000000e+00
0.000000000000000000e+00
0.000000000000000000e+00
0.000000000000000000e+00
0.000000000000000000e+00
7.999999999999999638e-06
0.000000000000000000e+00
1.599999999999999928e-05
0.000000000000000000e+00
3.199999999999999855e-05
0.000000000000000000e+00
0.000000000000000000e+00
0.000000000000000000e+00
0.000000000000000000e+00
0.000000000000000000e+00
0.000000000000000000e+00
0.000000000000000000e+00
0.000000000000000000e+00
0.000000000000000000e+00
0.000000000000000000e+00
0.000000000000000000e+00
0.000000000000000000e+00
0.000000000000000000e+00
0.000000000000000000e+00
0.000000000000000000e+00
0.000000000000000000e+00
0.000000000000000000e+00
0.000000000000000000e+00
0.000000000000000000e+00
0.000000000000000000e+00
0.000000000000000000e+00
0.000000000000000000e+00
0.000000000000000000e+00
0.000000000000000000e+00
0.000000000000000000e+00
0.000000000000000000e+00
0.000000000000000000e+00
0.000000000000000000e+00
0.000000000000000000e+00
0.000000000000000000e+00
0.000000000000000000e+00
0.000000000000000000e+00
0.000000000000000000e+00
0.000000000000000000e+00
0.000000000000000000e+00
0.000000000000000000e+00
0.000000000000000000e+00
0.000000000000000000e+00
0.000000000000000000e+00
0.000000000000000000e+00
0.000000000000000000e+00
0.000000000000000000e+00
0.000000000000000000e+00
0.000000000000000000e+00
0.000000000000000000e+00
0.000000000000000000e+00
0.000000000000000000e+00
0.000000000000000000e+00
0.000000000000000000e+00
0.000000000000000000e+00
0.000000000000000000e+00
0.000000000000000000e+00
0.000000000000000000e+00
0.000000000000000000e+00
0.000000000000000000e+00
0.000000000000000000e+00
0.000000000000000000e+00
0.000000000000000000e+00
0.000000000000000000e+00
0.000000000000000000e+00
0.000000000000000000e+00
0.000000000000000000e+00
0.000000000000000000e+00
0.000000000000000000e+00
0.000000000000000000e+00
0.000000000000000000e+00
0.000000000000000000e+00
0.000000000000000000e+00
0.000000000000000000e+00
0.000000000000000000e+00
0.000000000000000000e+00
0.000000000000000000e+00
0.000000000000000000e+00
0.000000000000000000e+00
0.000000000000000000e+00
0.000000000000000000e+00
0.000000000000000000e+00
0.000000000000000000e+00
0.000000000000000000e+00
0.000000000000000000e+00
0.000000000000000000e+00
0.000000000000000000e+00
0.000000000000000000e+00
0.000000000000000000e+00
0.000000000000000000e+00
0.000000000000000000e+00
0.000000000000000000e+00
0.000000000000000000e+00
0.000000000000000000e+00
0.000000000000000000e+00
0.000000000000000000e+00
0.000000000000000000e+00
0.000000000000000000e+00
0.000000000000000000e+00
0.000000000000000000e+00
0.000000000000000000e+00
0.000000000000000000e+00
0.000000000000000000e+00
0.000000000000000000e+00
0.000000000000000000e+00
0.000000000000000000e+00
0.000000000000000000e+00
0.000000000000000000e+00
0.000000000000000000e+00
0.000000000000000000e+00
0.000000000000000000e+00
0.000000000000000000e+00
1.200000000000000030e-05
0.000000000000000000e+00
0.000000000000000000e+00
0.000000000000000000e+00
0.000000000000000000e+00
0.000000000000000000e+00
3.999999999999999819e-06
0.000000000000000000e+00
4.399999999999999886e-05
4.800000000000000122e-05
5.199999999999999680e-05
5.199999999999999680e-05
1.599999999999999928e-05
2.799999999999999958e-05
1.599999999999999928e-05
1.200000000000000030e-05
3.999999999999999819e-06
2.000000000000000164e-05
0.000000000000000000e+00
0.000000000000000000e+00
7.999999999999999638e-06
0.000000000000000000e+00
1.200000000000000030e-05
0.000000000000000000e+00
3.999999999999999819e-06
0.000000000000000000e+00
0.000000000000000000e+00
0.000000000000000000e+00
0.000000000000000000e+00
7.999999999999999638e-06
7.999999999999999638e-06
0.000000000000000000e+00
0.000000000000000000e+00
0.000000000000000000e+00
0.000000000000000000e+00
0.000000000000000000e+00
7.999999999999999638e-06
0.000000000000000000e+00
0.000000000000000000e+00
1.200000000000000030e-05
3.999999999999999819e-06
0.000000000000000000e+00
0.000000000000000000e+00
0.000000000000000000e+00
0.000000000000000000e+00
0.000000000000000000e+00
0.000000000000000000e+00
0.000000000000000000e+00
0.000000000000000000e+00
0.000000000000000000e+00
0.000000000000000000e+00
0.000000000000000000e+00
0.000000000000000000e+00
0.000000000000000000e+00
0.000000000000000000e+00
0.000000000000000000e+00
0.000000000000000000e+00
0.000000000000000000e+00
0.000000000000000000e+00
0.000000000000000000e+00
2.400000000000000061e-05
0.000000000000000000e+00
0.000000000000000000e+00
0.000000000000000000e+00
0.000000000000000000e+00
0.000000000000000000e+00
0.000000000000000000e+00
0.000000000000000000e+00
0.000000000000000000e+00
0.000000000000000000e+00
0.000000000000000000e+00
0.000000000000000000e+00
0.000000000000000000e+00
0.000000000000000000e+00
0.000000000000000000e+00
0.000000000000000000e+00
0.000000000000000000e+00
0.000000000000000000e+00
0.000000000000000000e+00
0.000000000000000000e+00
3.999999999999999819e-06
0.000000000000000000e+00
0.000000000000000000e+00
0.000000000000000000e+00
0.000000000000000000e+00
0.000000000000000000e+00
0.000000000000000000e+00
0.000000000000000000e+00
0.000000000000000000e+00
0.000000000000000000e+00
3.999999999999999819e-06
0.000000000000000000e+00
0.000000000000000000e+00
0.000000000000000000e+00
0.000000000000000000e+00
0.000000000000000000e+00
0.000000000000000000e+00
0.000000000000000000e+00
0.000000000000000000e+00
0.000000000000000000e+00
0.000000000000000000e+00
0.000000000000000000e+00
0.000000000000000000e+00
0.000000000000000000e+00
0.000000000000000000e+00
0.000000000000000000e+00
0.000000000000000000e+00
0.000000000000000000e+00
0.000000000000000000e+00
0.000000000000000000e+00
0.000000000000000000e+00
0.000000000000000000e+00
0.000000000000000000e+00
0.000000000000000000e+00
0.000000000000000000e+00
0.000000000000000000e+00
0.000000000000000000e+00
0.000000000000000000e+00
0.000000000000000000e+00
0.000000000000000000e+00
