9.879999999999999460e-04
0.000000000000000000e+00
0.000000000000000000e+00
3.999999999999999819e-06
0.000000000000000000e+00
1.200000000000000030e-05
3.999999999999999819e-06
1.599999999999999928e-05
7.999999999999999638e-06
7.999999999999999638e-06
3.999999999999999819e-06
2.400000000000000061e-05
0.000000000000000000e+00
1.599999999999999928e-05
3.199999999999999855e-05
7.999999999999999638e-06
3.999999999999999819e-06
7.999999999999999638e-06
3.999999999999999819e-06
1.599999999999999928e-05
1.200000000000000030e-05
3.999999999999999819e-06
3.199999999999999855e-05
1.599999999999999928e-05
1.599999999999999928e-05
3.199999999999999855e-05
2.000000000000000164e-05
3.999999999999999819e-06
3.999999999999999819e-06
4.800000000000000122e-05
6.000000000000000152e-05
0.000000000000000000e+00
0.000000000000000000e+00
0.000000000000000000e+00
1.200000000000000030e-05
3.999999999999999819e-06
5.199999999999999680e-05
2.000000000000000164e-05
1.200000000000000030e-05
2.400000000000000061e-05
9.200000000000000007e-05
7.999999999999999638e-06
1.599999999999999928e-05
1.599999999999999928e-05
2.000000000000000164e-05
3.600000000000000091e-05
7.999999999999999638e-06
1.200000000000000030e-05
5.599999999999999916e-05
7.999999999999999638e-06
1.200000000000000030e-05
2.400000000000000061e-05
7.999999999999999638e-06
3.999999999999999819e-06
3.999999999999999819e-06
3.999999999999999819e-06
0.000000000000000000e+00
0.000000000000000000e+00
0.000000000000000000e+00
0.000000000000000000e+00
3.840000000000000097e-04
0.000000000000000000e+00
0.000000000000000000e+00
0.000000000000000000e+00
0.000000000000000000e+00
0.000000000000000000e+00
7.999999999999999638e-06
2.000000000000000164e-05
2.000000000000000164e-05
4.000000000000000327e-05
1.200000000000000030e-05
7.200000000000000182e-05
4.000000000000000327e-05
3.999999999999999819e-06
2.000000000000000164e-05
1.599999999999999928e-05
3.999999999999999819e-06
1.599999999999999928e-05
0.000000000000000000e+00
2.799999999999999958e-05
2.400000000000000061e-05
0.000000000000000000e+00
1.599999999999999928e-05
3.199999999999999855e-05
3.199999999999999855e-05
1.599999999999999928e-05
7.999999999999999638e-06
0.000000000000000000e+00
0.000000000000000000e+00
4.399999999999999886e-05
7.600000000000000418e-05
0.000000000000000000e+00
0.000000000000000000e+00
0.000000000000000000e+00
3.199999999999999855e-05
7.999999999999999638e-06
2.400000000000000061e-05
3.999999999999999819e-06
7.999999999999999638e-06
4.000000000000000327e-05
7.600000000000000418e-05
7.999999999999999638e-06
4.000000000000000327e-05
3.999999999999999819e-06
7.999999999999999638e-06
2.000000000000000164e-05
3.999999999999999819e-06
0.000000000000000000e+00
4.399999999999999886e-05
0.000000000000000000e+00
2.799999999999999958e-05
2.799999999999999958e-05
3.999999999999999819e-06
3.999999999999999819e-06
1.200000000000000030e-05
0.000000000000000000e+00
0.000000000000000000e+00
0.000000000000000000e+00
0.000000000000000000e+00
0.000000000000000000e+00
3.280000000000000038e-04
0.000000000000000000e+00
0.000000000000000000e+00
3.999999999999999819e-06
1.599999999999999928e-05
1.599999999999999928e-05
2.000000000000000164e-05
2.799999999999999958e-05
1.200000000000000030e-05
2.799999999999999958e-05
7.999999999999999638e-06
2.799999999999999958e-05
2.000000000000000164e-05
2.400000000000000061e-05
3.199999999999999855e-05
1.599999999999999928e-05
3.999999999999999819e-06
4.399999999999999886e-05
2.799999999999999958e-05
6.399999999999999710e-05
5.599999999999999916e-05
1.200000000000000030e-05
1.200000000000000030e-05
2.799999999999999958e-05
4.000000000000000327e-05
5.199999999999999680e-05
3.199999999999999855e-05
2.799999999999999958e-05
1.599999999999999928e-05
6.399999999999999710e-05
2.320000000000000014e-04
1.599999999999999928e-05
3.600000000000000091e-05
6.000000000000000152e-05
5.199999999999999680e-05
4.800000000000000122e-05
7.200000000000000182e-05
5.599999999999999916e-05
5.599999999999999916e-05
8.399999999999999535e-05
1.840000000000000001e-04
6.000000000000000152e-05
1.359999999999999989e-04
8.000000000000000654e-05
1.079999999999999960e-04
1.800000000000000113e-04
1.440000000000000036e-04
9.600000000000000243e-05
1.720000000000000066e-04
2.120000000000000031e-04
4.960000000000000216e-04
6.560000000000000076e-04
1.440000000000000091e-03
2.063999999999999863e-03
2.184000000000000177e-03
2.635999999999999888e-03
2.928000000000000047e-03
3.399999999999999811e-03
3.608000000000000096e-03
2.664000000000000135e-03
1.030799999999999945e-02
7.655999999999999611e-03
9.768000000000000640e-03
1.171999999999999952e-02
1.566800000000000137e-02
2.064799999999999969e-02
3.214800000000000296e-02
4.980400000000000105e-02
9.589599999999999513e-02
1.460519999999999874e-01
1.518440000000000067e-01
9.226399999999999879e-02
7.094399999999999318e-02
6.284800000000000109e-02
5.548000000000000154e-02
5.174399999999999833e-02
3.681199999999999750e-02
2.258399999999999991e-02
1.315200000000000050e-02
5.939999999999999968e-03
3.164000000000000146e-03
1.235999999999999903e-03
6.960000000000000041e-04
3.480000000000000020e-04
2.239999999999999966e-04
1.720000000000000066e-04
8.799999999999999771e-05
5.599999999999999916e-05
4.800000000000000122e-05
7.600000000000000418e-05
2.159999999999999919e-04
2.400000000000000061e-05
2.400000000000000061e-05
3.600000000000000091e-05
3.600000000000000091e-05
2.000000000000000164e-05
4.399999999999999886e-05
1.200000000000000030e-05
1.200000000000000030e-05
4.000000000000000327e-05
8.399999999999999535e-05
1.200000000000000030e-05
2.799999999999999958e-05
1.200000000000000030e-05
3.999999999999999819e-06
3.600000000000000091e-05
7.999999999999999638e-06
0.000000000000000000e+00
3.199999999999999855e-05
7.999999999999999638e-06
3.999999999999999819e-06
3.999999999999999819e-06
1.599999999999999928e-05
3.999999999999999819e-06
0.000000000000000000e+00
3.999999999999999819e-06
0.000000000000000000e+00
0.000000000000000000e+00
0.000000000000000000e+00
0.000000000000000000e+00
3.280000000000000038e-04
0.000000000000000000e+00
0.000000000000000000e+00
0.000000000000000000e+00
0.000000000000000000e+00
0.000000000000000000e+00
0.000000000000000000e+00
3.999999999999999819e-06
3.999999999999999819e-06
3.999999999999999819e-06
3.999999999999999819e-06
7.999999999999999638e-06
0.000000000000000000e+00
0.000000000000000000e+00
2.000000000000000164e-05
7.999999999999999638e-06
3.999999999999999819e-06
1.200000000000000030e-05
3.999999999999999819e-06
3.999999999999999819e-06
1.599999999999999928e-05
0.000000000000000000e+00
7.999999999999999638e-06
3.999999999999999819e-06
7.999999999999999638e-06
0.000000000000000000e+00
0.000000000000000000e+00
0.000000000000000000e+00
0.000000000000000000e+00
1.200000000000000030e-05
6.000000000000000152e-05
0.000000000000000000e+00
0.000000000000000000e+00
0.000000000000000000e+00
3.999999999999999819e-06
7.999999999999999638e-06
3.199999999999999855e-05
3.999999999999999819e-06
0.000000000000000000e+00
1.200000000000000030e-05
6.799999999999999946e-05
0.000000000000000000e+00
7.999999999999999638e-06
0.000000000000000000e+00
0.000000000000000000e+00
2.799999999999999958e-05
7.999999999999999638e-06
0.000000000000000000e+00
7.999999999999999638e-06
0.000000000000000000e+00
3.999999999999999819e-06
7.999999999999999638e-06
7.999999999999999638e-06
0.000000000000000000e+00
0.000000000000000000e+00
0.000000000000000000e+00
0.000000000000000000e+00
0.000000000000000000e+00
0.000000000000000000e+00
0.000000000000000000e+00
2.359999999999999902e-04
0.000000000000000000e+00
0.000000000000000000e+00
0.000000000000000000e+00
0.000000000000000000e+00
0.000000000000000000e+00
7.999999999999999638e-06
3.999999999999999819e-06
0.000000000000000000e+00
1.200000000000000030e-05
0.000000000000000000e+00
2.000000000000000164e-05
1.200000000000000030e-05
0.000000000000000000e+00
2.000000000000000164e-05
1.200000000000000030e-05
0.000000000000000000e+00
3.999999999999999819e-06
0.000000000000000000e+00
1.200000000000000030e-05
2.799999999999999958e-05
0.000000000000000000e+00
1.599999999999999928e-05
7.999999999999999638e-06
1.599999999999999928e-05
3.999999999999999819e-06
0.000000000000000000e+00
0.000000000000000000e+00
0.000000000000000000e+00
2.799999999999999958e-05
1.279999999999999942e-04
0.000000000000000000e+00
0.000000000000000000e+00
3.999999999999999819e-06
0.000000000000000000e+00
1.599999999999999928e-05
7.999999999999999638e-06
1.599999999999999928e-05
0.000000000000000000e+00
1.599999999999999928e-05
6.799999999999999946e-05
0.000000000000000000e+00
1.599999999999999928e-05
0.000000000000000000e+00
7.999999999999999638e-06
2.400000000000000061e-05
3.999999999999999819e-06
0.000000000000000000e+00
3.999999999999999819e-06
0.000000000000000000e+00
1.200000000000000030e-05
3.999999999999999819e-06
3.999999999999999819e-06
0.000000000000000000e+00
3.999999999999999819e-06
0.000000000000000000e+00
0.000000000000000000e+00
0.000000000000000000e+00
0.000000000000000000e+00
0.000000000000000000e+00
